     Q**2          x         u           d           g          ub          db          sb          s          cb          c          bb          b
     3.244     0.010    0.406E+00    0.372E+00    0.318E+01    0.252E+00    0.273E+00    0.124E+00    0.124E+00    0.309E-01    0.309E-01    0.000E+00    0.000E+00
     3.244     0.020    0.420E+00    0.381E+00    0.264E+01    0.211E+00    0.230E+00    0.104E+00    0.104E+00    0.253E-01    0.253E-01    0.000E+00    0.000E+00
     3.244     0.030    0.442E+00    0.390E+00    0.233E+01    0.187E+00    0.202E+00    0.909E-01    0.909E-01    0.218E-01    0.218E-01    0.000E+00    0.000E+00
     3.244     0.040    0.464E+00    0.396E+00    0.214E+01    0.170E+00    0.183E+00    0.821E-01    0.821E-01    0.194E-01    0.194E-01    0.000E+00    0.000E+00
     3.244     0.050    0.485E+00    0.400E+00    0.197E+01    0.155E+00    0.167E+00    0.748E-01    0.748E-01    0.173E-01    0.173E-01    0.000E+00    0.000E+00
     3.244     0.060    0.504E+00    0.403E+00    0.184E+01    0.141E+00    0.155E+00    0.686E-01    0.686E-01    0.156E-01    0.156E-01    0.000E+00    0.000E+00
     3.244     0.070    0.521E+00    0.405E+00    0.172E+01    0.129E+00    0.145E+00    0.633E-01    0.633E-01    0.141E-01    0.141E-01    0.000E+00    0.000E+00
     3.244     0.080    0.537E+00    0.406E+00    0.161E+01    0.118E+00    0.137E+00    0.585E-01    0.585E-01    0.128E-01    0.128E-01    0.000E+00    0.000E+00
     3.244     0.090    0.552E+00    0.406E+00    0.152E+01    0.107E+00    0.129E+00    0.542E-01    0.542E-01    0.116E-01    0.116E-01    0.000E+00    0.000E+00
     3.244     0.100    0.566E+00    0.406E+00    0.143E+01    0.977E-01    0.122E+00    0.503E-01    0.503E-01    0.106E-01    0.106E-01    0.000E+00    0.000E+00
     3.244     0.110    0.579E+00    0.404E+00    0.134E+01    0.893E-01    0.116E+00    0.468E-01    0.468E-01    0.961E-02    0.961E-02    0.000E+00    0.000E+00
     3.244     0.120    0.591E+00    0.401E+00    0.126E+01    0.818E-01    0.110E+00    0.435E-01    0.435E-01    0.875E-02    0.875E-02    0.000E+00    0.000E+00
     3.244     0.130    0.602E+00    0.398E+00    0.118E+01    0.752E-01    0.104E+00    0.405E-01    0.405E-01    0.797E-02    0.797E-02    0.000E+00    0.000E+00
     3.244     0.140    0.611E+00    0.394E+00    0.111E+01    0.693E-01    0.978E-01    0.378E-01    0.378E-01    0.726E-02    0.726E-02    0.000E+00    0.000E+00
     3.244     0.150    0.620E+00    0.389E+00    0.104E+01    0.641E-01    0.921E-01    0.352E-01    0.352E-01    0.661E-02    0.661E-02    0.000E+00    0.000E+00
     3.244     0.160    0.627E+00    0.384E+00    0.978E+00    0.595E-01    0.865E-01    0.328E-01    0.328E-01    0.602E-02    0.602E-02    0.000E+00    0.000E+00
     3.244     0.170    0.634E+00    0.378E+00    0.916E+00    0.554E-01    0.811E-01    0.306E-01    0.306E-01    0.548E-02    0.548E-02    0.000E+00    0.000E+00
     3.244     0.180    0.639E+00    0.372E+00    0.857E+00    0.518E-01    0.759E-01    0.285E-01    0.285E-01    0.498E-02    0.498E-02    0.000E+00    0.000E+00
     3.244     0.190    0.643E+00    0.366E+00    0.801E+00    0.485E-01    0.709E-01    0.266E-01    0.266E-01    0.453E-02    0.453E-02    0.000E+00    0.000E+00
     3.244     0.200    0.646E+00    0.359E+00    0.748E+00    0.455E-01    0.661E-01    0.248E-01    0.248E-01    0.411E-02    0.411E-02    0.000E+00    0.000E+00
     3.244     0.210    0.647E+00    0.352E+00    0.698E+00    0.428E-01    0.615E-01    0.231E-01    0.231E-01    0.373E-02    0.373E-02    0.000E+00    0.000E+00
     3.244     0.220    0.648E+00    0.345E+00    0.650E+00    0.403E-01    0.571E-01    0.215E-01    0.215E-01    0.338E-02    0.338E-02    0.000E+00    0.000E+00
     3.244     0.230    0.647E+00    0.337E+00    0.605E+00    0.380E-01    0.529E-01    0.200E-01    0.200E-01    0.306E-02    0.306E-02    0.000E+00    0.000E+00
     3.244     0.240    0.645E+00    0.329E+00    0.562E+00    0.359E-01    0.490E-01    0.186E-01    0.186E-01    0.277E-02    0.277E-02    0.000E+00    0.000E+00
     3.244     0.250    0.642E+00    0.321E+00    0.521E+00    0.339E-01    0.453E-01    0.173E-01    0.173E-01    0.250E-02    0.250E-02    0.000E+00    0.000E+00
     3.244     0.260    0.638E+00    0.313E+00    0.483E+00    0.320E-01    0.419E-01    0.161E-01    0.161E-01    0.226E-02    0.226E-02    0.000E+00    0.000E+00
     3.244     0.270    0.633E+00    0.305E+00    0.447E+00    0.302E-01    0.386E-01    0.150E-01    0.150E-01    0.203E-02    0.203E-02    0.000E+00    0.000E+00
     3.244     0.280    0.627E+00    0.296E+00    0.413E+00    0.285E-01    0.356E-01    0.139E-01    0.139E-01    0.183E-02    0.183E-02    0.000E+00    0.000E+00
     3.244     0.290    0.620E+00    0.287E+00    0.381E+00    0.269E-01    0.328E-01    0.129E-01    0.129E-01    0.164E-02    0.164E-02    0.000E+00    0.000E+00
     3.244     0.300    0.612E+00    0.279E+00    0.351E+00    0.253E-01    0.302E-01    0.120E-01    0.120E-01    0.148E-02    0.148E-02    0.000E+00    0.000E+00
     3.244     0.310    0.603E+00    0.270E+00    0.323E+00    0.238E-01    0.278E-01    0.111E-01    0.111E-01    0.132E-02    0.132E-02    0.000E+00    0.000E+00
     3.244     0.320    0.594E+00    0.261E+00    0.297E+00    0.223E-01    0.256E-01    0.103E-01    0.103E-01    0.118E-02    0.118E-02    0.000E+00    0.000E+00
     3.244     0.330    0.584E+00    0.252E+00    0.272E+00    0.209E-01    0.235E-01    0.952E-02    0.952E-02    0.106E-02    0.106E-02    0.000E+00    0.000E+00
     3.244     0.340    0.573E+00    0.242E+00    0.249E+00    0.195E-01    0.216E-01    0.880E-02    0.880E-02    0.943E-03    0.943E-03    0.000E+00    0.000E+00
     3.244     0.350    0.562E+00    0.233E+00    0.228E+00    0.182E-01    0.199E-01    0.813E-02    0.813E-02    0.839E-03    0.839E-03    0.000E+00    0.000E+00
     3.244     0.360    0.550E+00    0.224E+00    0.208E+00    0.170E-01    0.183E-01    0.750E-02    0.750E-02    0.746E-03    0.746E-03    0.000E+00    0.000E+00
     3.244     0.370    0.537E+00    0.215E+00    0.189E+00    0.158E-01    0.168E-01    0.691E-02    0.691E-02    0.662E-03    0.662E-03    0.000E+00    0.000E+00
     3.244     0.380    0.524E+00    0.206E+00    0.172E+00    0.146E-01    0.154E-01    0.636E-02    0.636E-02    0.586E-03    0.586E-03    0.000E+00    0.000E+00
     3.244     0.390    0.511E+00    0.197E+00    0.156E+00    0.136E-01    0.141E-01    0.585E-02    0.585E-02    0.518E-03    0.518E-03    0.000E+00    0.000E+00
     3.244     0.400    0.497E+00    0.187E+00    0.141E+00    0.125E-01    0.130E-01    0.537E-02    0.537E-02    0.457E-03    0.457E-03    0.000E+00    0.000E+00
     3.244     0.410    0.483E+00    0.178E+00    0.128E+00    0.116E-01    0.119E-01    0.493E-02    0.493E-02    0.402E-03    0.402E-03    0.000E+00    0.000E+00
     3.244     0.420    0.468E+00    0.170E+00    0.115E+00    0.106E-01    0.109E-01    0.451E-02    0.451E-02    0.353E-03    0.353E-03    0.000E+00    0.000E+00
     3.244     0.430    0.454E+00    0.161E+00    0.104E+00    0.977E-02    0.994E-02    0.413E-02    0.413E-02    0.310E-03    0.310E-03    0.000E+00    0.000E+00
     3.244     0.440    0.439E+00    0.152E+00    0.933E-01    0.896E-02    0.908E-02    0.377E-02    0.377E-02    0.271E-03    0.271E-03    0.000E+00    0.000E+00
     3.244     0.450    0.424E+00    0.144E+00    0.837E-01    0.819E-02    0.828E-02    0.344E-02    0.344E-02    0.236E-03    0.236E-03    0.000E+00    0.000E+00
     3.244     0.460    0.409E+00    0.135E+00    0.749E-01    0.748E-02    0.754E-02    0.313E-02    0.313E-02    0.206E-03    0.206E-03    0.000E+00    0.000E+00
     3.244     0.470    0.394E+00    0.127E+00    0.668E-01    0.681E-02    0.686E-02    0.284E-02    0.284E-02    0.178E-03    0.178E-03    0.000E+00    0.000E+00
     3.244     0.480    0.378E+00    0.119E+00    0.595E-01    0.619E-02    0.622E-02    0.257E-02    0.257E-02    0.154E-03    0.154E-03    0.000E+00    0.000E+00
     3.244     0.490    0.363E+00    0.112E+00    0.529E-01    0.561E-02    0.563E-02    0.233E-02    0.233E-02    0.133E-03    0.133E-03    0.000E+00    0.000E+00
     3.244     0.500    0.348E+00    0.104E+00    0.469E-01    0.508E-02    0.509E-02    0.210E-02    0.210E-02    0.115E-03    0.115E-03    0.000E+00    0.000E+00
     3.244     0.510    0.333E+00    0.972E-01    0.414E-01    0.458E-02    0.459E-02    0.189E-02    0.189E-02    0.985E-04    0.985E-04    0.000E+00    0.000E+00
     3.244     0.520    0.318E+00    0.903E-01    0.365E-01    0.412E-02    0.413E-02    0.170E-02    0.170E-02    0.844E-04    0.844E-04    0.000E+00    0.000E+00
     3.244     0.530    0.303E+00    0.836E-01    0.321E-01    0.370E-02    0.370E-02    0.152E-02    0.152E-02    0.719E-04    0.719E-04    0.000E+00    0.000E+00
     3.244     0.540    0.289E+00    0.772E-01    0.281E-01    0.331E-02    0.331E-02    0.136E-02    0.136E-02    0.612E-04    0.612E-04    0.000E+00    0.000E+00
     3.244     0.550    0.274E+00    0.712E-01    0.246E-01    0.295E-02    0.295E-02    0.121E-02    0.121E-02    0.518E-04    0.518E-04    0.000E+00    0.000E+00
     3.244     0.560    0.260E+00    0.654E-01    0.214E-01    0.262E-02    0.262E-02    0.107E-02    0.107E-02    0.438E-04    0.438E-04    0.000E+00    0.000E+00
     3.244     0.570    0.246E+00    0.598E-01    0.186E-01    0.232E-02    0.232E-02    0.950E-03    0.950E-03    0.368E-04    0.368E-04    0.000E+00    0.000E+00
     3.244     0.580    0.233E+00    0.546E-01    0.161E-01    0.205E-02    0.205E-02    0.837E-03    0.837E-03    0.308E-04    0.308E-04    0.000E+00    0.000E+00
     3.244     0.590    0.219E+00    0.497E-01    0.139E-01    0.180E-02    0.180E-02    0.734E-03    0.734E-03    0.257E-04    0.257E-04    0.000E+00    0.000E+00
     3.244     0.600    0.206E+00    0.450E-01    0.119E-01    0.157E-02    0.157E-02    0.641E-03    0.641E-03    0.214E-04    0.214E-04    0.000E+00    0.000E+00
     3.244     0.610    0.193E+00    0.407E-01    0.102E-01    0.136E-02    0.136E-02    0.556E-03    0.556E-03    0.177E-04    0.177E-04    0.000E+00    0.000E+00
     3.244     0.620    0.181E+00    0.366E-01    0.872E-02    0.118E-02    0.118E-02    0.480E-03    0.480E-03    0.146E-04    0.146E-04    0.000E+00    0.000E+00
     3.244     0.630    0.169E+00    0.328E-01    0.741E-02    0.101E-02    0.101E-02    0.412E-03    0.412E-03    0.119E-04    0.119E-04    0.000E+00    0.000E+00
     3.244     0.640    0.157E+00    0.293E-01    0.626E-02    0.862E-03    0.862E-03    0.351E-03    0.351E-03    0.974E-05    0.974E-05    0.000E+00    0.000E+00
     3.244     0.650    0.146E+00    0.260E-01    0.528E-02    0.729E-03    0.729E-03    0.296E-03    0.296E-03    0.790E-05    0.790E-05    0.000E+00    0.000E+00
     3.244     0.660    0.135E+00    0.230E-01    0.442E-02    0.611E-03    0.611E-03    0.248E-03    0.248E-03    0.637E-05    0.637E-05    0.000E+00    0.000E+00
     3.244     0.670    0.125E+00    0.203E-01    0.369E-02    0.506E-03    0.506E-03    0.205E-03    0.205E-03    0.511E-05    0.511E-05    0.000E+00    0.000E+00
     3.244     0.680    0.115E+00    0.178E-01    0.306E-02    0.414E-03    0.414E-03    0.168E-03    0.168E-03    0.407E-05    0.407E-05    0.000E+00    0.000E+00
     3.244     0.690    0.105E+00    0.155E-01    0.253E-02    0.333E-03    0.333E-03    0.135E-03    0.135E-03    0.322E-05    0.322E-05    0.000E+00    0.000E+00
     3.244     0.700    0.964E-01    0.134E-01    0.207E-02    0.263E-03    0.263E-03    0.107E-03    0.107E-03    0.253E-05    0.253E-05    0.000E+00    0.000E+00
     3.244     0.710    0.878E-01    0.116E-01    0.169E-02    0.203E-03    0.203E-03    0.824E-04    0.824E-04    0.197E-05    0.197E-05    0.000E+00    0.000E+00
     3.244     0.720    0.796E-01    0.991E-02    0.137E-02    0.152E-03    0.152E-03    0.616E-04    0.616E-04    0.153E-05    0.153E-05    0.000E+00    0.000E+00
     3.244     0.730    0.718E-01    0.843E-02    0.110E-02    0.108E-03    0.108E-03    0.439E-04    0.439E-04    0.117E-05    0.117E-05    0.000E+00    0.000E+00
     3.244     0.740    0.646E-01    0.711E-02    0.884E-03    0.718E-04    0.718E-04    0.293E-04    0.293E-04    0.891E-06    0.891E-06    0.000E+00    0.000E+00
     3.244     0.750    0.577E-01    0.596E-02    0.702E-03    0.409E-04    0.409E-04    0.168E-04    0.168E-04    0.671E-06    0.671E-06    0.000E+00    0.000E+00
     3.244     0.760    0.514E-01    0.495E-02    0.553E-03    0.163E-04    0.163E-04    0.684E-05    0.684E-05    0.500E-06    0.500E-06    0.000E+00    0.000E+00
     3.244     0.770    0.454E-01    0.407E-02    0.432E-03    0.185E-05    0.185E-05    0.944E-06    0.944E-06    0.369E-06    0.369E-06    0.000E+00    0.000E+00
     3.244     0.780    0.399E-01    0.332E-02    0.335E-03    0.000E+00    0.000E+00    0.000E+00    0.000E+00    0.269E-06    0.269E-06    0.000E+00    0.000E+00
     3.244     0.790    0.348E-01    0.268E-02    0.257E-03    0.000E+00    0.000E+00    0.000E+00    0.000E+00    0.194E-06    0.194E-06    0.000E+00    0.000E+00
     3.244     0.800    0.302E-01    0.215E-02    0.195E-03    0.000E+00    0.000E+00    0.000E+00    0.000E+00    0.137E-06    0.137E-06    0.000E+00    0.000E+00
     3.244     0.810    0.260E-01    0.171E-02    0.147E-03    0.000E+00    0.000E+00    0.000E+00    0.000E+00    0.964E-07    0.964E-07    0.000E+00    0.000E+00
     3.244     0.820    0.221E-01    0.134E-02    0.109E-03    0.000E+00    0.000E+00    0.000E+00    0.000E+00    0.663E-07    0.663E-07    0.000E+00    0.000E+00
     3.244     0.830    0.186E-01    0.104E-02    0.796E-04    0.000E+00    0.000E+00    0.000E+00    0.000E+00    0.448E-07    0.448E-07    0.000E+00    0.000E+00
     3.244     0.840    0.155E-01    0.785E-03    0.576E-04    0.000E+00    0.000E+00    0.000E+00    0.000E+00    0.299E-07    0.299E-07    0.000E+00    0.000E+00
     3.244     0.850    0.128E-01    0.585E-03    0.408E-04    0.000E+00    0.000E+00    0.000E+00    0.000E+00    0.193E-07    0.193E-07    0.000E+00    0.000E+00
     3.244     0.860    0.104E-01    0.429E-03    0.286E-04    0.000E+00    0.000E+00    0.000E+00    0.000E+00    0.124E-07    0.124E-07    0.000E+00    0.000E+00
     3.244     0.870    0.827E-02    0.306E-03    0.195E-04    0.000E+00    0.000E+00    0.000E+00    0.000E+00    0.752E-08    0.752E-08    0.000E+00    0.000E+00
     3.244     0.880    0.647E-02    0.214E-03    0.131E-04    0.000E+00    0.000E+00    0.000E+00    0.000E+00    0.455E-08    0.455E-08    0.000E+00    0.000E+00
     3.244     0.890    0.495E-02    0.145E-03    0.847E-05    0.000E+00    0.000E+00    0.000E+00    0.000E+00    0.259E-08    0.259E-08    0.000E+00    0.000E+00
     3.244     0.900    0.368E-02    0.954E-04    0.532E-05    0.000E+00    0.000E+00    0.000E+00    0.000E+00    0.142E-08    0.142E-08    0.000E+00    0.000E+00
     3.244     0.910    0.265E-02    0.604E-04    0.323E-05    0.000E+00    0.000E+00    0.000E+00    0.000E+00    0.756E-09    0.756E-09    0.000E+00    0.000E+00
     3.244     0.920    0.184E-02    0.363E-04    0.183E-05    0.000E+00    0.000E+00    0.000E+00    0.000E+00    0.350E-09    0.350E-09    0.000E+00    0.000E+00
     3.244     0.930    0.121E-02    0.211E-04    0.101E-05    0.000E+00    0.000E+00    0.000E+00    0.000E+00    0.176E-09    0.176E-09    0.000E+00    0.000E+00
     3.244     0.940    0.743E-03    0.110E-04    0.474E-06    0.000E+00    0.000E+00    0.000E+00    0.000E+00    0.605E-10    0.605E-10    0.000E+00    0.000E+00
     3.244     0.950    0.413E-03    0.541E-05    0.210E-06    0.000E+00    0.000E+00    0.000E+00    0.000E+00    0.250E-10    0.250E-10    0.000E+00    0.000E+00
     3.244     0.960    0.184E-03    0.205E-05    0.656E-07    0.290E-07    0.290E-07    0.116E-07    0.116E-07    0.699E-11    0.699E-11    0.000E+00    0.000E+00
     3.244     0.970    0.420E-04    0.340E-06    0.537E-08    0.698E-07    0.698E-07    0.279E-07    0.279E-07    0.000E+00    0.000E+00    0.000E+00    0.000E+00
     3.244     0.980    0.000E+00    0.000E+00    0.439E-08    0.927E-07    0.927E-07    0.371E-07    0.371E-07    0.228E-11    0.228E-11    0.000E+00    0.000E+00
     3.244     0.990    0.000E+00    0.241E-07    0.181E-07    0.766E-07    0.766E-07    0.307E-07    0.307E-07    0.574E-11    0.574E-11    0.000E+00    0.000E+00

