     Q**2          x         u           d           g          ub          db          sb          s          cb          c          bb          b
     1.000     0.010    0.339E+00    0.309E+00    0.544E+00    0.206E+00    0.228E+00    0.707E-01    0.707E-01    0.000E+00    0.000E+00    0.000E+00    0.000E+00
     1.000     0.020    0.356E+00    0.328E+00    0.906E+00    0.175E+00    0.196E+00    0.603E-01    0.603E-01    0.000E+00    0.000E+00    0.000E+00    0.000E+00
     1.000     0.030    0.380E+00    0.344E+00    0.110E+01    0.158E+00    0.174E+00    0.542E-01    0.542E-01    0.000E+00    0.000E+00    0.000E+00    0.000E+00
     1.000     0.040    0.406E+00    0.357E+00    0.120E+01    0.147E+00    0.159E+00    0.501E-01    0.501E-01    0.000E+00    0.000E+00    0.000E+00    0.000E+00
     1.000     0.050    0.430E+00    0.368E+00    0.127E+01    0.136E+00    0.147E+00    0.467E-01    0.467E-01    0.000E+00    0.000E+00    0.000E+00    0.000E+00
     1.000     0.060    0.454E+00    0.377E+00    0.131E+01    0.127E+00    0.137E+00    0.438E-01    0.438E-01    0.000E+00    0.000E+00    0.000E+00    0.000E+00
     1.000     0.070    0.476E+00    0.385E+00    0.134E+01    0.118E+00    0.130E+00    0.413E-01    0.413E-01    0.000E+00    0.000E+00    0.000E+00    0.000E+00
     1.000     0.080    0.497E+00    0.392E+00    0.135E+01    0.109E+00    0.125E+00    0.391E-01    0.391E-01    0.000E+00    0.000E+00    0.000E+00    0.000E+00
     1.000     0.090    0.517E+00    0.398E+00    0.135E+01    0.100E+00    0.120E+00    0.371E-01    0.371E-01    0.000E+00    0.000E+00    0.000E+00    0.000E+00
     1.000     0.100    0.536E+00    0.402E+00    0.134E+01    0.921E-01    0.115E+00    0.352E-01    0.352E-01    0.000E+00    0.000E+00    0.000E+00    0.000E+00
     1.000     0.110    0.555E+00    0.406E+00    0.132E+01    0.849E-01    0.111E+00    0.334E-01    0.334E-01    0.000E+00    0.000E+00    0.000E+00    0.000E+00
     1.000     0.120    0.572E+00    0.408E+00    0.130E+01    0.783E-01    0.107E+00    0.318E-01    0.318E-01    0.000E+00    0.000E+00    0.000E+00    0.000E+00
     1.000     0.130    0.589E+00    0.410E+00    0.127E+01    0.724E-01    0.103E+00    0.302E-01    0.302E-01    0.000E+00    0.000E+00    0.000E+00    0.000E+00
     1.000     0.140    0.605E+00    0.410E+00    0.124E+01    0.672E-01    0.991E-01    0.288E-01    0.288E-01    0.000E+00    0.000E+00    0.000E+00    0.000E+00
     1.000     0.150    0.620E+00    0.410E+00    0.120E+01    0.626E-01    0.949E-01    0.274E-01    0.274E-01    0.000E+00    0.000E+00    0.000E+00    0.000E+00
     1.000     0.160    0.634E+00    0.409E+00    0.116E+01    0.586E-01    0.906E-01    0.261E-01    0.261E-01    0.000E+00    0.000E+00    0.000E+00    0.000E+00
     1.000     0.170    0.647E+00    0.407E+00    0.112E+01    0.550E-01    0.862E-01    0.248E-01    0.248E-01    0.000E+00    0.000E+00    0.000E+00    0.000E+00
     1.000     0.180    0.659E+00    0.404E+00    0.108E+01    0.519E-01    0.819E-01    0.236E-01    0.236E-01    0.000E+00    0.000E+00    0.000E+00    0.000E+00
     1.000     0.190    0.670E+00    0.401E+00    0.104E+01    0.491E-01    0.775E-01    0.225E-01    0.225E-01    0.000E+00    0.000E+00    0.000E+00    0.000E+00
     1.000     0.200    0.680E+00    0.397E+00    0.993E+00    0.466E-01    0.732E-01    0.214E-01    0.214E-01    0.000E+00    0.000E+00    0.000E+00    0.000E+00
     1.000     0.210    0.688E+00    0.393E+00    0.948E+00    0.443E-01    0.690E-01    0.203E-01    0.203E-01    0.000E+00    0.000E+00    0.000E+00    0.000E+00
     1.000     0.220    0.695E+00    0.389E+00    0.904E+00    0.423E-01    0.649E-01    0.193E-01    0.193E-01    0.000E+00    0.000E+00    0.000E+00    0.000E+00
     1.000     0.230    0.701E+00    0.383E+00    0.860E+00    0.405E-01    0.609E-01    0.183E-01    0.183E-01    0.000E+00    0.000E+00    0.000E+00    0.000E+00
     1.000     0.240    0.706E+00    0.378E+00    0.816E+00    0.387E-01    0.570E-01    0.174E-01    0.174E-01    0.000E+00    0.000E+00    0.000E+00    0.000E+00
     1.000     0.250    0.709E+00    0.372E+00    0.772E+00    0.371E-01    0.533E-01    0.165E-01    0.165E-01    0.000E+00    0.000E+00    0.000E+00    0.000E+00
     1.000     0.260    0.711E+00    0.366E+00    0.730E+00    0.355E-01    0.497E-01    0.156E-01    0.156E-01    0.000E+00    0.000E+00    0.000E+00    0.000E+00
     1.000     0.270    0.712E+00    0.359E+00    0.688E+00    0.340E-01    0.464E-01    0.148E-01    0.148E-01    0.000E+00    0.000E+00    0.000E+00    0.000E+00
     1.000     0.280    0.711E+00    0.352E+00    0.648E+00    0.326E-01    0.432E-01    0.140E-01    0.140E-01    0.000E+00    0.000E+00    0.000E+00    0.000E+00
     1.000     0.290    0.709E+00    0.344E+00    0.608E+00    0.312E-01    0.402E-01    0.132E-01    0.132E-01    0.000E+00    0.000E+00    0.000E+00    0.000E+00
     1.000     0.300    0.707E+00    0.337E+00    0.570E+00    0.298E-01    0.374E-01    0.125E-01    0.125E-01    0.000E+00    0.000E+00    0.000E+00    0.000E+00
     1.000     0.310    0.702E+00    0.328E+00    0.533E+00    0.284E-01    0.347E-01    0.117E-01    0.117E-01    0.000E+00    0.000E+00    0.000E+00    0.000E+00
     1.000     0.320    0.697E+00    0.320E+00    0.498E+00    0.270E-01    0.322E-01    0.111E-01    0.111E-01    0.000E+00    0.000E+00    0.000E+00    0.000E+00
     1.000     0.330    0.691E+00    0.312E+00    0.463E+00    0.257E-01    0.299E-01    0.104E-01    0.104E-01    0.000E+00    0.000E+00    0.000E+00    0.000E+00
     1.000     0.340    0.684E+00    0.303E+00    0.431E+00    0.244E-01    0.278E-01    0.980E-02    0.980E-02    0.000E+00    0.000E+00    0.000E+00    0.000E+00
     1.000     0.350    0.675E+00    0.294E+00    0.400E+00    0.231E-01    0.258E-01    0.921E-02    0.921E-02    0.000E+00    0.000E+00    0.000E+00    0.000E+00
     1.000     0.360    0.666E+00    0.284E+00    0.370E+00    0.218E-01    0.239E-01    0.864E-02    0.864E-02    0.000E+00    0.000E+00    0.000E+00    0.000E+00
     1.000     0.370    0.656E+00    0.275E+00    0.342E+00    0.205E-01    0.222E-01    0.809E-02    0.809E-02    0.000E+00    0.000E+00    0.000E+00    0.000E+00
     1.000     0.380    0.645E+00    0.265E+00    0.315E+00    0.193E-01    0.206E-01    0.758E-02    0.758E-02    0.000E+00    0.000E+00    0.000E+00    0.000E+00
     1.000     0.390    0.634E+00    0.256E+00    0.290E+00    0.181E-01    0.191E-01    0.708E-02    0.708E-02    0.000E+00    0.000E+00    0.000E+00    0.000E+00
     1.000     0.400    0.621E+00    0.246E+00    0.266E+00    0.169E-01    0.177E-01    0.661E-02    0.661E-02    0.000E+00    0.000E+00    0.000E+00    0.000E+00
     1.000     0.410    0.608E+00    0.236E+00    0.244E+00    0.158E-01    0.164E-01    0.616E-02    0.616E-02    0.000E+00    0.000E+00    0.000E+00    0.000E+00
     1.000     0.420    0.595E+00    0.226E+00    0.222E+00    0.147E-01    0.151E-01    0.573E-02    0.573E-02    0.000E+00    0.000E+00    0.000E+00    0.000E+00
     1.000     0.430    0.581E+00    0.216E+00    0.203E+00    0.137E-01    0.140E-01    0.533E-02    0.533E-02    0.000E+00    0.000E+00    0.000E+00    0.000E+00
     1.000     0.440    0.566E+00    0.206E+00    0.184E+00    0.127E-01    0.129E-01    0.494E-02    0.494E-02    0.000E+00    0.000E+00    0.000E+00    0.000E+00
     1.000     0.450    0.551E+00    0.196E+00    0.167E+00    0.118E-01    0.119E-01    0.458E-02    0.458E-02    0.000E+00    0.000E+00    0.000E+00    0.000E+00
     1.000     0.460    0.535E+00    0.187E+00    0.151E+00    0.109E-01    0.110E-01    0.423E-02    0.423E-02    0.000E+00    0.000E+00    0.000E+00    0.000E+00
     1.000     0.470    0.519E+00    0.177E+00    0.136E+00    0.100E-01    0.101E-01    0.390E-02    0.390E-02    0.000E+00    0.000E+00    0.000E+00    0.000E+00
     1.000     0.480    0.503E+00    0.167E+00    0.123E+00    0.922E-02    0.928E-02    0.359E-02    0.359E-02    0.000E+00    0.000E+00    0.000E+00    0.000E+00
     1.000     0.490    0.487E+00    0.158E+00    0.110E+00    0.847E-02    0.851E-02    0.330E-02    0.330E-02    0.000E+00    0.000E+00    0.000E+00    0.000E+00
     1.000     0.500    0.470E+00    0.148E+00    0.986E-01    0.776E-02    0.779E-02    0.303E-02    0.303E-02    0.000E+00    0.000E+00    0.000E+00    0.000E+00
     1.000     0.510    0.453E+00    0.139E+00    0.880E-01    0.709E-02    0.711E-02    0.277E-02    0.277E-02    0.000E+00    0.000E+00    0.000E+00    0.000E+00
     1.000     0.520    0.436E+00    0.131E+00    0.782E-01    0.647E-02    0.648E-02    0.253E-02    0.253E-02    0.000E+00    0.000E+00    0.000E+00    0.000E+00
     1.000     0.530    0.419E+00    0.122E+00    0.694E-01    0.588E-02    0.589E-02    0.230E-02    0.230E-02    0.000E+00    0.000E+00    0.000E+00    0.000E+00
     1.000     0.540    0.402E+00    0.114E+00    0.613E-01    0.534E-02    0.534E-02    0.209E-02    0.209E-02    0.000E+00    0.000E+00    0.000E+00    0.000E+00
     1.000     0.550    0.385E+00    0.105E+00    0.540E-01    0.483E-02    0.483E-02    0.189E-02    0.189E-02    0.000E+00    0.000E+00    0.000E+00    0.000E+00
     1.000     0.560    0.368E+00    0.976E-01    0.474E-01    0.435E-02    0.435E-02    0.171E-02    0.171E-02    0.000E+00    0.000E+00    0.000E+00    0.000E+00
     1.000     0.570    0.351E+00    0.901E-01    0.414E-01    0.391E-02    0.391E-02    0.154E-02    0.154E-02    0.000E+00    0.000E+00    0.000E+00    0.000E+00
     1.000     0.580    0.334E+00    0.830E-01    0.361E-01    0.351E-02    0.351E-02    0.138E-02    0.138E-02    0.000E+00    0.000E+00    0.000E+00    0.000E+00
     1.000     0.590    0.317E+00    0.761E-01    0.313E-01    0.313E-02    0.313E-02    0.123E-02    0.123E-02    0.000E+00    0.000E+00    0.000E+00    0.000E+00
     1.000     0.600    0.301E+00    0.696E-01    0.270E-01    0.278E-02    0.278E-02    0.110E-02    0.110E-02    0.000E+00    0.000E+00    0.000E+00    0.000E+00
     1.000     0.610    0.284E+00    0.634E-01    0.232E-01    0.246E-02    0.247E-02    0.973E-03    0.973E-03    0.000E+00    0.000E+00    0.000E+00    0.000E+00
     1.000     0.620    0.268E+00    0.575E-01    0.199E-01    0.217E-02    0.217E-02    0.859E-03    0.859E-03    0.000E+00    0.000E+00    0.000E+00    0.000E+00
     1.000     0.630    0.253E+00    0.520E-01    0.169E-01    0.191E-02    0.191E-02    0.754E-03    0.754E-03    0.000E+00    0.000E+00    0.000E+00    0.000E+00
     1.000     0.640    0.237E+00    0.469E-01    0.143E-01    0.166E-02    0.166E-02    0.658E-03    0.658E-03    0.000E+00    0.000E+00    0.000E+00    0.000E+00
     1.000     0.650    0.222E+00    0.420E-01    0.121E-01    0.144E-02    0.144E-02    0.571E-03    0.571E-03    0.000E+00    0.000E+00    0.000E+00    0.000E+00
     1.000     0.660    0.208E+00    0.375E-01    0.101E-01    0.124E-02    0.124E-02    0.492E-03    0.492E-03    0.000E+00    0.000E+00    0.000E+00    0.000E+00
     1.000     0.670    0.193E+00    0.333E-01    0.839E-02    0.106E-02    0.106E-02    0.421E-03    0.421E-03    0.000E+00    0.000E+00    0.000E+00    0.000E+00
     1.000     0.680    0.180E+00    0.295E-01    0.694E-02    0.901E-03    0.901E-03    0.358E-03    0.358E-03    0.000E+00    0.000E+00    0.000E+00    0.000E+00
     1.000     0.690    0.166E+00    0.260E-01    0.569E-02    0.757E-03    0.757E-03    0.300E-03    0.300E-03    0.000E+00    0.000E+00    0.000E+00    0.000E+00
     1.000     0.700    0.153E+00    0.227E-01    0.463E-02    0.629E-03    0.629E-03    0.250E-03    0.250E-03    0.000E+00    0.000E+00    0.000E+00    0.000E+00
     1.000     0.710    0.141E+00    0.198E-01    0.374E-02    0.516E-03    0.516E-03    0.205E-03    0.205E-03    0.000E+00    0.000E+00    0.000E+00    0.000E+00
     1.000     0.720    0.129E+00    0.171E-01    0.299E-02    0.417E-03    0.417E-03    0.166E-03    0.166E-03    0.000E+00    0.000E+00    0.000E+00    0.000E+00
     1.000     0.730    0.118E+00    0.147E-01    0.237E-02    0.330E-03    0.330E-03    0.131E-03    0.131E-03    0.000E+00    0.000E+00    0.000E+00    0.000E+00
     1.000     0.740    0.107E+00    0.125E-01    0.186E-02    0.256E-03    0.256E-03    0.102E-03    0.102E-03    0.000E+00    0.000E+00    0.000E+00    0.000E+00
     1.000     0.750    0.964E-01    0.106E-01    0.144E-02    0.192E-03    0.192E-03    0.762E-04    0.762E-04    0.000E+00    0.000E+00    0.000E+00    0.000E+00
     1.000     0.760    0.867E-01    0.892E-02    0.110E-02    0.138E-03    0.138E-03    0.547E-04    0.547E-04    0.000E+00    0.000E+00    0.000E+00    0.000E+00
     1.000     0.770    0.775E-01    0.743E-02    0.832E-03    0.920E-04    0.920E-04    0.365E-04    0.365E-04    0.000E+00    0.000E+00    0.000E+00    0.000E+00
     1.000     0.780    0.689E-01    0.613E-02    0.618E-03    0.541E-04    0.541E-04    0.215E-04    0.215E-04    0.000E+00    0.000E+00    0.000E+00    0.000E+00
     1.000     0.790    0.608E-01    0.501E-02    0.451E-03    0.257E-04    0.257E-04    0.101E-04    0.101E-04    0.000E+00    0.000E+00    0.000E+00    0.000E+00
     1.000     0.800    0.533E-01    0.405E-02    0.322E-03    0.946E-05    0.946E-05    0.372E-05    0.372E-05    0.000E+00    0.000E+00    0.000E+00    0.000E+00
     1.000     0.810    0.464E-01    0.325E-02    0.225E-03    0.120E-05    0.120E-05    0.467E-06    0.467E-06    0.000E+00    0.000E+00    0.000E+00    0.000E+00
     1.000     0.820    0.400E-01    0.257E-02    0.153E-03    0.000E+00    0.000E+00    0.000E+00    0.000E+00    0.000E+00    0.000E+00    0.000E+00    0.000E+00
     1.000     0.830    0.342E-01    0.201E-02    0.100E-03    0.000E+00    0.000E+00    0.000E+00    0.000E+00    0.000E+00    0.000E+00    0.000E+00    0.000E+00
     1.000     0.840    0.289E-01    0.155E-02    0.633E-04    0.000E+00    0.000E+00    0.000E+00    0.000E+00    0.000E+00    0.000E+00    0.000E+00    0.000E+00
     1.000     0.850    0.241E-01    0.117E-02    0.376E-04    0.000E+00    0.000E+00    0.000E+00    0.000E+00    0.000E+00    0.000E+00    0.000E+00    0.000E+00
     1.000     0.860    0.199E-01    0.874E-03    0.211E-04    0.000E+00    0.000E+00    0.000E+00    0.000E+00    0.000E+00    0.000E+00    0.000E+00    0.000E+00
     1.000     0.870    0.161E-01    0.637E-03    0.102E-04    0.000E+00    0.000E+00    0.000E+00    0.000E+00    0.000E+00    0.000E+00    0.000E+00    0.000E+00
     1.000     0.880    0.128E-01    0.454E-03    0.410E-05    0.000E+00    0.000E+00    0.000E+00    0.000E+00    0.000E+00    0.000E+00    0.000E+00    0.000E+00
     1.000     0.890    0.100E-01    0.315E-03    0.633E-06    0.000E+00    0.000E+00    0.000E+00    0.000E+00    0.000E+00    0.000E+00    0.000E+00    0.000E+00
     1.000     0.900    0.760E-02    0.212E-03    0.000E+00    0.000E+00    0.000E+00    0.000E+00    0.000E+00    0.000E+00    0.000E+00    0.000E+00    0.000E+00
     1.000     0.910    0.560E-02    0.138E-03    0.000E+00    0.000E+00    0.000E+00    0.000E+00    0.000E+00    0.000E+00    0.000E+00    0.000E+00    0.000E+00
     1.000     0.920    0.397E-02    0.859E-04    0.000E+00    0.000E+00    0.000E+00    0.000E+00    0.000E+00    0.000E+00    0.000E+00    0.000E+00    0.000E+00
     1.000     0.930    0.269E-02    0.516E-04    0.000E+00    0.000E+00    0.000E+00    0.000E+00    0.000E+00    0.000E+00    0.000E+00    0.000E+00    0.000E+00
     1.000     0.940    0.171E-02    0.283E-04    0.000E+00    0.000E+00    0.000E+00    0.000E+00    0.000E+00    0.000E+00    0.000E+00    0.000E+00    0.000E+00
     1.000     0.950    0.982E-03    0.146E-04    0.000E+00    0.000E+00    0.000E+00    0.000E+00    0.000E+00    0.000E+00    0.000E+00    0.000E+00    0.000E+00
     1.000     0.960    0.456E-03    0.590E-05    0.000E+00    0.671E-07    0.671E-07    0.269E-07    0.269E-07    0.000E+00    0.000E+00    0.000E+00    0.000E+00
     1.000     0.970    0.109E-03    0.113E-05    0.000E+00    0.161E-06    0.161E-06    0.645E-07    0.645E-07    0.607E-12    0.607E-12    0.000E+00    0.000E+00
     1.000     0.980    0.000E+00    0.000E+00    0.149E-07    0.214E-06    0.214E-06    0.857E-07    0.857E-07    0.000E+00    0.000E+00    0.000E+00    0.000E+00
     1.000     0.990    0.000E+00    0.000E+00    0.177E-07    0.177E-06    0.177E-06    0.709E-07    0.709E-07    0.000E+00    0.000E+00    0.000E+00    0.000E+00

