     Q**2          x         u           d           g          ub          db          sb          s          cb          c          bb          b
     2.250     0.010    0.359E+00    0.313E+00    0.247E+01    0.211E+00    0.231E+00    0.102E+00    0.102E+00    0.229E-01    0.229E-01    0.000E+00    0.000E+00
     2.250     0.020    0.409E+00    0.350E+00    0.264E+01    0.185E+00    0.206E+00    0.888E-01    0.888E-01    0.178E-01    0.178E-01    0.000E+00    0.000E+00
     2.250     0.030    0.455E+00    0.380E+00    0.262E+01    0.170E+00    0.190E+00    0.807E-01    0.807E-01    0.144E-01    0.144E-01    0.000E+00    0.000E+00
     2.250     0.040    0.496E+00    0.403E+00    0.251E+01    0.160E+00    0.179E+00    0.750E-01    0.750E-01    0.119E-01    0.119E-01    0.000E+00    0.000E+00
     2.250     0.050    0.531E+00    0.420E+00    0.235E+01    0.150E+00    0.170E+00    0.701E-01    0.701E-01    0.990E-02    0.990E-02    0.000E+00    0.000E+00
     2.250     0.060    0.561E+00    0.432E+00    0.218E+01    0.140E+00    0.164E+00    0.657E-01    0.657E-01    0.833E-02    0.833E-02    0.000E+00    0.000E+00
     2.250     0.070    0.587E+00    0.440E+00    0.201E+01    0.130E+00    0.158E+00    0.617E-01    0.617E-01    0.704E-02    0.704E-02    0.000E+00    0.000E+00
     2.250     0.080    0.608E+00    0.445E+00    0.184E+01    0.119E+00    0.152E+00    0.579E-01    0.579E-01    0.599E-02    0.599E-02    0.000E+00    0.000E+00
     2.250     0.090    0.628E+00    0.448E+00    0.168E+01    0.110E+00    0.147E+00    0.544E-01    0.544E-01    0.512E-02    0.512E-02    0.000E+00    0.000E+00
     2.250     0.100    0.644E+00    0.449E+00    0.153E+01    0.101E+00    0.141E+00    0.510E-01    0.510E-01    0.440E-02    0.440E-02    0.000E+00    0.000E+00
     2.250     0.110    0.659E+00    0.447E+00    0.139E+01    0.922E-01    0.135E+00    0.478E-01    0.478E-01    0.380E-02    0.380E-02    0.000E+00    0.000E+00
     2.250     0.120    0.672E+00    0.445E+00    0.127E+01    0.846E-01    0.129E+00    0.447E-01    0.447E-01    0.330E-02    0.330E-02    0.000E+00    0.000E+00
     2.250     0.130    0.683E+00    0.441E+00    0.115E+01    0.778E-01    0.122E+00    0.418E-01    0.418E-01    0.288E-02    0.288E-02    0.000E+00    0.000E+00
     2.250     0.140    0.693E+00    0.436E+00    0.105E+01    0.718E-01    0.115E+00    0.390E-01    0.390E-01    0.252E-02    0.252E-02    0.000E+00    0.000E+00
     2.250     0.150    0.701E+00    0.430E+00    0.950E+00    0.664E-01    0.108E+00    0.363E-01    0.363E-01    0.222E-02    0.222E-02    0.000E+00    0.000E+00
     2.250     0.160    0.708E+00    0.424E+00    0.865E+00    0.616E-01    0.101E+00    0.337E-01    0.337E-01    0.196E-02    0.196E-02    0.000E+00    0.000E+00
     2.250     0.170    0.713E+00    0.417E+00    0.788E+00    0.573E-01    0.941E-01    0.313E-01    0.313E-01    0.173E-02    0.173E-02    0.000E+00    0.000E+00
     2.250     0.180    0.717E+00    0.410E+00    0.720E+00    0.533E-01    0.871E-01    0.290E-01    0.290E-01    0.154E-02    0.154E-02    0.000E+00    0.000E+00
     2.250     0.190    0.719E+00    0.402E+00    0.659E+00    0.498E-01    0.803E-01    0.268E-01    0.268E-01    0.138E-02    0.138E-02    0.000E+00    0.000E+00
     2.250     0.200    0.719E+00    0.395E+00    0.604E+00    0.465E-01    0.737E-01    0.248E-01    0.248E-01    0.124E-02    0.124E-02    0.000E+00    0.000E+00
     2.250     0.210    0.719E+00    0.387E+00    0.555E+00    0.434E-01    0.674E-01    0.228E-01    0.228E-01    0.111E-02    0.111E-02    0.000E+00    0.000E+00
     2.250     0.220    0.717E+00    0.378E+00    0.512E+00    0.405E-01    0.614E-01    0.210E-01    0.210E-01    0.100E-02    0.100E-02    0.000E+00    0.000E+00
     2.250     0.230    0.713E+00    0.370E+00    0.472E+00    0.378E-01    0.558E-01    0.193E-01    0.193E-01    0.902E-03    0.902E-03    0.000E+00    0.000E+00
     2.250     0.240    0.709E+00    0.361E+00    0.437E+00    0.353E-01    0.505E-01    0.177E-01    0.177E-01    0.815E-03    0.815E-03    0.000E+00    0.000E+00
     2.250     0.250    0.703E+00    0.352E+00    0.406E+00    0.329E-01    0.456E-01    0.161E-01    0.161E-01    0.738E-03    0.738E-03    0.000E+00    0.000E+00
     2.250     0.260    0.696E+00    0.343E+00    0.378E+00    0.305E-01    0.411E-01    0.147E-01    0.147E-01    0.668E-03    0.668E-03    0.000E+00    0.000E+00
     2.250     0.270    0.688E+00    0.334E+00    0.352E+00    0.283E-01    0.370E-01    0.134E-01    0.134E-01    0.605E-03    0.605E-03    0.000E+00    0.000E+00
     2.250     0.280    0.679E+00    0.324E+00    0.329E+00    0.262E-01    0.332E-01    0.122E-01    0.122E-01    0.549E-03    0.549E-03    0.000E+00    0.000E+00
     2.250     0.290    0.669E+00    0.315E+00    0.308E+00    0.241E-01    0.297E-01    0.111E-01    0.111E-01    0.497E-03    0.497E-03    0.000E+00    0.000E+00
     2.250     0.300    0.658E+00    0.305E+00    0.288E+00    0.221E-01    0.266E-01    0.100E-01    0.100E-01    0.450E-03    0.450E-03    0.000E+00    0.000E+00
     2.250     0.310    0.646E+00    0.294E+00    0.270E+00    0.203E-01    0.237E-01    0.905E-02    0.905E-02    0.408E-03    0.408E-03    0.000E+00    0.000E+00
     2.250     0.320    0.633E+00    0.284E+00    0.254E+00    0.185E-01    0.212E-01    0.815E-02    0.815E-02    0.368E-03    0.368E-03    0.000E+00    0.000E+00
     2.250     0.330    0.620E+00    0.274E+00    0.238E+00    0.168E-01    0.189E-01    0.733E-02    0.733E-02    0.333E-03    0.333E-03    0.000E+00    0.000E+00
     2.250     0.340    0.606E+00    0.263E+00    0.224E+00    0.152E-01    0.168E-01    0.658E-02    0.658E-02    0.300E-03    0.300E-03    0.000E+00    0.000E+00
     2.250     0.350    0.591E+00    0.253E+00    0.211E+00    0.137E-01    0.149E-01    0.589E-02    0.589E-02    0.270E-03    0.270E-03    0.000E+00    0.000E+00
     2.250     0.360    0.576E+00    0.242E+00    0.198E+00    0.124E-01    0.132E-01    0.526E-02    0.526E-02    0.242E-03    0.242E-03    0.000E+00    0.000E+00
     2.250     0.370    0.561E+00    0.231E+00    0.186E+00    0.111E-01    0.117E-01    0.469E-02    0.469E-02    0.217E-03    0.217E-03    0.000E+00    0.000E+00
     2.250     0.380    0.545E+00    0.220E+00    0.174E+00    0.991E-02    0.103E-01    0.417E-02    0.417E-02    0.194E-03    0.194E-03    0.000E+00    0.000E+00
     2.250     0.390    0.529E+00    0.209E+00    0.163E+00    0.882E-02    0.913E-02    0.369E-02    0.369E-02    0.173E-03    0.173E-03    0.000E+00    0.000E+00
     2.250     0.400    0.512E+00    0.199E+00    0.153E+00    0.783E-02    0.805E-02    0.327E-02    0.327E-02    0.154E-03    0.154E-03    0.000E+00    0.000E+00
     2.250     0.410    0.496E+00    0.188E+00    0.143E+00    0.692E-02    0.707E-02    0.288E-02    0.288E-02    0.136E-03    0.136E-03    0.000E+00    0.000E+00
     2.250     0.420    0.479E+00    0.178E+00    0.133E+00    0.610E-02    0.621E-02    0.253E-02    0.253E-02    0.120E-03    0.120E-03    0.000E+00    0.000E+00
     2.250     0.430    0.462E+00    0.167E+00    0.124E+00    0.536E-02    0.543E-02    0.222E-02    0.222E-02    0.106E-03    0.106E-03    0.000E+00    0.000E+00
     2.250     0.440    0.445E+00    0.157E+00    0.116E+00    0.470E-02    0.474E-02    0.194E-02    0.194E-02    0.930E-04    0.930E-04    0.000E+00    0.000E+00
     2.250     0.450    0.428E+00    0.147E+00    0.107E+00    0.410E-02    0.413E-02    0.169E-02    0.169E-02    0.812E-04    0.812E-04    0.000E+00    0.000E+00
     2.250     0.460    0.411E+00    0.138E+00    0.994E-01    0.357E-02    0.359E-02    0.147E-02    0.147E-02    0.707E-04    0.707E-04    0.000E+00    0.000E+00
     2.250     0.470    0.394E+00    0.128E+00    0.918E-01    0.309E-02    0.311E-02    0.128E-02    0.128E-02    0.613E-04    0.613E-04    0.000E+00    0.000E+00
     2.250     0.480    0.377E+00    0.119E+00    0.846E-01    0.267E-02    0.268E-02    0.110E-02    0.110E-02    0.529E-04    0.529E-04    0.000E+00    0.000E+00
     2.250     0.490    0.360E+00    0.111E+00    0.777E-01    0.230E-02    0.231E-02    0.949E-03    0.949E-03    0.454E-04    0.454E-04    0.000E+00    0.000E+00
     2.250     0.500    0.343E+00    0.102E+00    0.712E-01    0.198E-02    0.198E-02    0.814E-03    0.814E-03    0.388E-04    0.388E-04    0.000E+00    0.000E+00
     2.250     0.510    0.327E+00    0.942E-01    0.650E-01    0.169E-02    0.169E-02    0.696E-03    0.696E-03    0.330E-04    0.330E-04    0.000E+00    0.000E+00
     2.250     0.520    0.310E+00    0.866E-01    0.592E-01    0.144E-02    0.144E-02    0.592E-03    0.592E-03    0.279E-04    0.279E-04    0.000E+00    0.000E+00
     2.250     0.530    0.294E+00    0.794E-01    0.538E-01    0.122E-02    0.122E-02    0.502E-03    0.502E-03    0.234E-04    0.234E-04    0.000E+00    0.000E+00
     2.250     0.540    0.279E+00    0.725E-01    0.486E-01    0.103E-02    0.103E-02    0.424E-03    0.424E-03    0.195E-04    0.195E-04    0.000E+00    0.000E+00
     2.250     0.550    0.263E+00    0.660E-01    0.438E-01    0.867E-03    0.868E-03    0.357E-03    0.357E-03    0.162E-04    0.162E-04    0.000E+00    0.000E+00
     2.250     0.560    0.248E+00    0.600E-01    0.394E-01    0.727E-03    0.727E-03    0.299E-03    0.299E-03    0.133E-04    0.133E-04    0.000E+00    0.000E+00
     2.250     0.570    0.234E+00    0.543E-01    0.352E-01    0.606E-03    0.606E-03    0.249E-03    0.249E-03    0.108E-04    0.108E-04    0.000E+00    0.000E+00
     2.250     0.580    0.219E+00    0.490E-01    0.314E-01    0.503E-03    0.503E-03    0.206E-03    0.206E-03    0.877E-05    0.877E-05    0.000E+00    0.000E+00
     2.250     0.590    0.205E+00    0.440E-01    0.278E-01    0.415E-03    0.415E-03    0.170E-03    0.170E-03    0.702E-05    0.702E-05    0.000E+00    0.000E+00
     2.250     0.600    0.192E+00    0.395E-01    0.246E-01    0.341E-03    0.341E-03    0.140E-03    0.140E-03    0.555E-05    0.555E-05    0.000E+00    0.000E+00
     2.250     0.610    0.179E+00    0.353E-01    0.216E-01    0.279E-03    0.279E-03    0.114E-03    0.114E-03    0.434E-05    0.434E-05    0.000E+00    0.000E+00
     2.250     0.620    0.166E+00    0.314E-01    0.189E-01    0.226E-03    0.226E-03    0.924E-04    0.924E-04    0.334E-05    0.334E-05    0.000E+00    0.000E+00
     2.250     0.630    0.154E+00    0.279E-01    0.165E-01    0.183E-03    0.183E-03    0.746E-04    0.746E-04    0.253E-05    0.253E-05    0.000E+00    0.000E+00
     2.250     0.640    0.142E+00    0.246E-01    0.143E-01    0.146E-03    0.146E-03    0.597E-04    0.597E-04    0.188E-05    0.188E-05    0.000E+00    0.000E+00
     2.250     0.650    0.131E+00    0.217E-01    0.123E-01    0.117E-03    0.117E-03    0.475E-04    0.475E-04    0.136E-05    0.136E-05    0.000E+00    0.000E+00
     2.250     0.660    0.120E+00    0.190E-01    0.105E-01    0.923E-04    0.923E-04    0.375E-04    0.375E-04    0.957E-06    0.957E-06    0.000E+00    0.000E+00
     2.250     0.670    0.110E+00    0.166E-01    0.897E-02    0.725E-04    0.725E-04    0.294E-04    0.294E-04    0.645E-06    0.645E-06    0.000E+00    0.000E+00
     2.250     0.680    0.101E+00    0.145E-01    0.758E-02    0.565E-04    0.565E-04    0.228E-04    0.228E-04    0.407E-06    0.407E-06    0.000E+00    0.000E+00
     2.250     0.690    0.914E-01    0.126E-01    0.637E-02    0.436E-04    0.436E-04    0.176E-04    0.176E-04    0.231E-06    0.231E-06    0.000E+00    0.000E+00
     2.250     0.700    0.828E-01    0.109E-01    0.532E-02    0.334E-04    0.334E-04    0.134E-04    0.134E-04    0.110E-06    0.110E-06    0.000E+00    0.000E+00
     2.250     0.710    0.746E-01    0.938E-02    0.440E-02    0.252E-04    0.252E-04    0.101E-04    0.101E-04    0.375E-07    0.375E-07    0.000E+00    0.000E+00
     2.250     0.720    0.669E-01    0.804E-02    0.362E-02    0.190E-04    0.190E-04    0.756E-05    0.756E-05    0.165E-08    0.165E-08    0.000E+00    0.000E+00
     2.250     0.730    0.598E-01    0.687E-02    0.294E-02    0.140E-04    0.140E-04    0.556E-05    0.556E-05    0.000E+00    0.000E+00    0.000E+00    0.000E+00
     2.250     0.740    0.531E-01    0.585E-02    0.238E-02    0.103E-04    0.103E-04    0.406E-05    0.406E-05    0.000E+00    0.000E+00    0.000E+00    0.000E+00
     2.250     0.750    0.469E-01    0.496E-02    0.190E-02    0.742E-05    0.742E-05    0.291E-05    0.291E-05    0.000E+00    0.000E+00    0.000E+00    0.000E+00
     2.250     0.760    0.412E-01    0.418E-02    0.150E-02    0.528E-05    0.528E-05    0.206E-05    0.206E-05    0.000E+00    0.000E+00    0.000E+00    0.000E+00
     2.250     0.770    0.360E-01    0.351E-02    0.117E-02    0.371E-05    0.371E-05    0.143E-05    0.143E-05    0.000E+00    0.000E+00    0.000E+00    0.000E+00
     2.250     0.780    0.312E-01    0.293E-02    0.905E-03    0.255E-05    0.255E-05    0.975E-06    0.975E-06    0.000E+00    0.000E+00    0.000E+00    0.000E+00
     2.250     0.790    0.268E-01    0.244E-02    0.690E-03    0.174E-05    0.174E-05    0.657E-06    0.657E-06    0.000E+00    0.000E+00    0.000E+00    0.000E+00
     2.250     0.800    0.229E-01    0.202E-02    0.517E-03    0.114E-05    0.114E-05    0.426E-06    0.426E-06    0.000E+00    0.000E+00    0.000E+00    0.000E+00
     2.250     0.810    0.193E-01    0.166E-02    0.383E-03    0.742E-06    0.742E-06    0.273E-06    0.273E-06    0.000E+00    0.000E+00    0.000E+00    0.000E+00
     2.250     0.820    0.162E-01    0.135E-02    0.277E-03    0.465E-06    0.465E-06    0.168E-06    0.168E-06    0.000E+00    0.000E+00    0.000E+00    0.000E+00
     2.250     0.830    0.134E-01    0.109E-02    0.198E-03    0.284E-06    0.284E-06    0.999E-07    0.999E-07    0.000E+00    0.000E+00    0.000E+00    0.000E+00
     2.250     0.840    0.109E-01    0.878E-03    0.138E-03    0.169E-06    0.169E-06    0.578E-07    0.578E-07    0.000E+00    0.000E+00    0.000E+00    0.000E+00
     2.250     0.850    0.881E-02    0.697E-03    0.934E-04    0.944E-07    0.944E-07    0.308E-07    0.308E-07    0.000E+00    0.000E+00    0.000E+00    0.000E+00
     2.250     0.860    0.698E-02    0.547E-03    0.622E-04    0.533E-07    0.533E-07    0.166E-07    0.166E-07    0.000E+00    0.000E+00    0.000E+00    0.000E+00
     2.250     0.870    0.543E-02    0.422E-03    0.396E-04    0.259E-07    0.259E-07    0.731E-08    0.731E-08    0.000E+00    0.000E+00    0.000E+00    0.000E+00
     2.250     0.880    0.413E-02    0.320E-03    0.247E-04    0.128E-07    0.128E-07    0.325E-08    0.325E-08    0.000E+00    0.000E+00    0.000E+00    0.000E+00
     2.250     0.890    0.307E-02    0.238E-03    0.145E-04    0.532E-08    0.532E-08    0.103E-08    0.103E-08    0.000E+00    0.000E+00    0.000E+00    0.000E+00
     2.250     0.900    0.221E-02    0.172E-03    0.821E-05    0.186E-08    0.186E-08    0.143E-09    0.143E-09    0.000E+00    0.000E+00    0.000E+00    0.000E+00
     2.250     0.910    0.153E-02    0.120E-03    0.443E-05    0.673E-09    0.673E-09    0.000E+00    0.000E+00    0.000E+00    0.000E+00    0.000E+00    0.000E+00
     2.250     0.920    0.102E-02    0.806E-04    0.212E-05    0.000E+00    0.000E+00    0.000E+00    0.000E+00    0.000E+00    0.000E+00    0.000E+00    0.000E+00
     2.250     0.930    0.640E-03    0.513E-04    0.104E-05    0.238E-10    0.238E-10    0.000E+00    0.000E+00    0.000E+00    0.000E+00    0.000E+00    0.000E+00
     2.250     0.940    0.371E-03    0.302E-04    0.357E-06    0.000E+00    0.000E+00    0.000E+00    0.000E+00    0.000E+00    0.000E+00    0.000E+00    0.000E+00
     2.250     0.950    0.194E-03    0.160E-04    0.129E-06    0.000E+00    0.000E+00    0.000E+00    0.000E+00    0.000E+00    0.000E+00    0.000E+00    0.000E+00
     2.250     0.960    0.798E-04    0.675E-05    0.230E-07    0.000E+00    0.000E+00    0.000E+00    0.000E+00    0.000E+00    0.000E+00    0.000E+00    0.000E+00
     2.250     0.970    0.162E-04    0.142E-05    0.000E+00    0.000E+00    0.000E+00    0.000E+00    0.000E+00    0.000E+00    0.000E+00    0.000E+00    0.000E+00
     2.250     0.980    0.000E+00    0.000E+00    0.183E-07    0.266E-11    0.266E-11    0.320E-13    0.320E-13    0.000E+00    0.000E+00    0.000E+00    0.000E+00
     2.250     0.990    0.000E+00    0.000E+00    0.431E-07    0.394E-11    0.394E-11    0.523E-13    0.523E-13    0.000E+00    0.000E+00    0.000E+00    0.000E+00

