     Q**2          x         u           d           g          ub          db          sb          s          cb          c          bb          b
     3.000     0.010    0.400E+00    0.366E+00    0.304E+01    0.248E+00    0.269E+00    0.119E+00    0.119E+00    0.270E-01    0.270E-01    0.000E+00    0.000E+00
     3.000     0.020    0.415E+00    0.377E+00    0.255E+01    0.208E+00    0.227E+00    0.100E+00    0.100E+00    0.223E-01    0.223E-01    0.000E+00    0.000E+00
     3.000     0.030    0.437E+00    0.386E+00    0.228E+01    0.184E+00    0.200E+00    0.883E-01    0.883E-01    0.193E-01    0.193E-01    0.000E+00    0.000E+00
     3.000     0.040    0.460E+00    0.393E+00    0.210E+01    0.168E+00    0.180E+00    0.799E-01    0.799E-01    0.172E-01    0.172E-01    0.000E+00    0.000E+00
     3.000     0.050    0.481E+00    0.398E+00    0.195E+01    0.153E+00    0.165E+00    0.729E-01    0.729E-01    0.154E-01    0.154E-01    0.000E+00    0.000E+00
     3.000     0.060    0.500E+00    0.401E+00    0.182E+01    0.140E+00    0.153E+00    0.670E-01    0.670E-01    0.139E-01    0.139E-01    0.000E+00    0.000E+00
     3.000     0.070    0.519E+00    0.404E+00    0.171E+01    0.128E+00    0.144E+00    0.619E-01    0.619E-01    0.126E-01    0.126E-01    0.000E+00    0.000E+00
     3.000     0.080    0.535E+00    0.405E+00    0.161E+01    0.117E+00    0.135E+00    0.573E-01    0.573E-01    0.115E-01    0.115E-01    0.000E+00    0.000E+00
     3.000     0.090    0.550E+00    0.406E+00    0.152E+01    0.106E+00    0.128E+00    0.532E-01    0.532E-01    0.104E-01    0.104E-01    0.000E+00    0.000E+00
     3.000     0.100    0.565E+00    0.405E+00    0.143E+01    0.971E-01    0.121E+00    0.494E-01    0.494E-01    0.950E-02    0.950E-02    0.000E+00    0.000E+00
     3.000     0.110    0.578E+00    0.404E+00    0.135E+01    0.888E-01    0.115E+00    0.460E-01    0.460E-01    0.866E-02    0.866E-02    0.000E+00    0.000E+00
     3.000     0.120    0.590E+00    0.401E+00    0.127E+01    0.813E-01    0.109E+00    0.428E-01    0.428E-01    0.790E-02    0.790E-02    0.000E+00    0.000E+00
     3.000     0.130    0.601E+00    0.398E+00    0.119E+01    0.748E-01    0.103E+00    0.399E-01    0.399E-01    0.720E-02    0.720E-02    0.000E+00    0.000E+00
     3.000     0.140    0.611E+00    0.394E+00    0.112E+01    0.690E-01    0.976E-01    0.372E-01    0.372E-01    0.657E-02    0.657E-02    0.000E+00    0.000E+00
     3.000     0.150    0.620E+00    0.390E+00    0.106E+01    0.638E-01    0.920E-01    0.348E-01    0.348E-01    0.599E-02    0.599E-02    0.000E+00    0.000E+00
     3.000     0.160    0.628E+00    0.385E+00    0.991E+00    0.593E-01    0.865E-01    0.324E-01    0.324E-01    0.546E-02    0.546E-02    0.000E+00    0.000E+00
     3.000     0.170    0.635E+00    0.380E+00    0.930E+00    0.552E-01    0.812E-01    0.303E-01    0.303E-01    0.497E-02    0.497E-02    0.000E+00    0.000E+00
     3.000     0.180    0.641E+00    0.374E+00    0.872E+00    0.516E-01    0.760E-01    0.282E-01    0.282E-01    0.453E-02    0.453E-02    0.000E+00    0.000E+00
     3.000     0.190    0.645E+00    0.368E+00    0.816E+00    0.484E-01    0.710E-01    0.264E-01    0.264E-01    0.412E-02    0.412E-02    0.000E+00    0.000E+00
     3.000     0.200    0.648E+00    0.361E+00    0.763E+00    0.454E-01    0.663E-01    0.246E-01    0.246E-01    0.374E-02    0.374E-02    0.000E+00    0.000E+00
     3.000     0.210    0.650E+00    0.354E+00    0.712E+00    0.428E-01    0.617E-01    0.229E-01    0.229E-01    0.340E-02    0.340E-02    0.000E+00    0.000E+00
     3.000     0.220    0.651E+00    0.347E+00    0.665E+00    0.403E-01    0.573E-01    0.214E-01    0.214E-01    0.308E-02    0.308E-02    0.000E+00    0.000E+00
     3.000     0.230    0.650E+00    0.340E+00    0.619E+00    0.381E-01    0.532E-01    0.199E-01    0.199E-01    0.279E-02    0.279E-02    0.000E+00    0.000E+00
     3.000     0.240    0.649E+00    0.332E+00    0.576E+00    0.360E-01    0.493E-01    0.186E-01    0.186E-01    0.253E-02    0.253E-02    0.000E+00    0.000E+00
     3.000     0.250    0.646E+00    0.324E+00    0.535E+00    0.340E-01    0.456E-01    0.173E-01    0.173E-01    0.229E-02    0.229E-02    0.000E+00    0.000E+00
     3.000     0.260    0.643E+00    0.316E+00    0.496E+00    0.321E-01    0.421E-01    0.161E-01    0.161E-01    0.206E-02    0.206E-02    0.000E+00    0.000E+00
     3.000     0.270    0.638E+00    0.307E+00    0.460E+00    0.303E-01    0.389E-01    0.150E-01    0.150E-01    0.186E-02    0.186E-02    0.000E+00    0.000E+00
     3.000     0.280    0.632E+00    0.299E+00    0.425E+00    0.286E-01    0.359E-01    0.139E-01    0.139E-01    0.168E-02    0.168E-02    0.000E+00    0.000E+00
     3.000     0.290    0.626E+00    0.290E+00    0.393E+00    0.270E-01    0.331E-01    0.129E-01    0.129E-01    0.151E-02    0.151E-02    0.000E+00    0.000E+00
     3.000     0.300    0.618E+00    0.282E+00    0.362E+00    0.254E-01    0.305E-01    0.120E-01    0.120E-01    0.135E-02    0.135E-02    0.000E+00    0.000E+00
     3.000     0.310    0.610E+00    0.273E+00    0.334E+00    0.239E-01    0.281E-01    0.111E-01    0.111E-01    0.121E-02    0.121E-02    0.000E+00    0.000E+00
     3.000     0.320    0.600E+00    0.264E+00    0.307E+00    0.225E-01    0.258E-01    0.103E-01    0.103E-01    0.109E-02    0.109E-02    0.000E+00    0.000E+00
     3.000     0.330    0.590E+00    0.255E+00    0.281E+00    0.211E-01    0.238E-01    0.955E-02    0.955E-02    0.972E-03    0.972E-03    0.000E+00    0.000E+00
     3.000     0.340    0.580E+00    0.246E+00    0.258E+00    0.197E-01    0.219E-01    0.884E-02    0.884E-02    0.867E-03    0.867E-03    0.000E+00    0.000E+00
     3.000     0.350    0.568E+00    0.236E+00    0.236E+00    0.184E-01    0.201E-01    0.817E-02    0.817E-02    0.773E-03    0.773E-03    0.000E+00    0.000E+00
     3.000     0.360    0.556E+00    0.227E+00    0.215E+00    0.172E-01    0.185E-01    0.754E-02    0.754E-02    0.687E-03    0.687E-03    0.000E+00    0.000E+00
     3.000     0.370    0.544E+00    0.218E+00    0.196E+00    0.160E-01    0.170E-01    0.696E-02    0.696E-02    0.610E-03    0.610E-03    0.000E+00    0.000E+00
     3.000     0.380    0.531E+00    0.209E+00    0.179E+00    0.148E-01    0.156E-01    0.641E-02    0.641E-02    0.540E-03    0.540E-03    0.000E+00    0.000E+00
     3.000     0.390    0.518E+00    0.200E+00    0.162E+00    0.137E-01    0.143E-01    0.590E-02    0.590E-02    0.478E-03    0.478E-03    0.000E+00    0.000E+00
     3.000     0.400    0.504E+00    0.190E+00    0.147E+00    0.127E-01    0.131E-01    0.542E-02    0.542E-02    0.422E-03    0.422E-03    0.000E+00    0.000E+00
     3.000     0.410    0.490E+00    0.181E+00    0.133E+00    0.117E-01    0.121E-01    0.498E-02    0.498E-02    0.371E-03    0.371E-03    0.000E+00    0.000E+00
     3.000     0.420    0.475E+00    0.172E+00    0.120E+00    0.108E-01    0.110E-01    0.456E-02    0.456E-02    0.326E-03    0.326E-03    0.000E+00    0.000E+00
     3.000     0.430    0.461E+00    0.164E+00    0.108E+00    0.992E-02    0.101E-01    0.417E-02    0.417E-02    0.286E-03    0.286E-03    0.000E+00    0.000E+00
     3.000     0.440    0.446E+00    0.155E+00    0.974E-01    0.910E-02    0.923E-02    0.381E-02    0.381E-02    0.250E-03    0.250E-03    0.000E+00    0.000E+00
     3.000     0.450    0.431E+00    0.146E+00    0.874E-01    0.833E-02    0.842E-02    0.348E-02    0.348E-02    0.219E-03    0.219E-03    0.000E+00    0.000E+00
     3.000     0.460    0.416E+00    0.138E+00    0.783E-01    0.760E-02    0.767E-02    0.317E-02    0.317E-02    0.190E-03    0.190E-03    0.000E+00    0.000E+00
     3.000     0.470    0.401E+00    0.130E+00    0.699E-01    0.693E-02    0.698E-02    0.288E-02    0.288E-02    0.165E-03    0.165E-03    0.000E+00    0.000E+00
     3.000     0.480    0.385E+00    0.122E+00    0.623E-01    0.630E-02    0.633E-02    0.261E-02    0.261E-02    0.143E-03    0.143E-03    0.000E+00    0.000E+00
     3.000     0.490    0.370E+00    0.114E+00    0.554E-01    0.572E-02    0.574E-02    0.237E-02    0.237E-02    0.124E-03    0.124E-03    0.000E+00    0.000E+00
     3.000     0.500    0.355E+00    0.107E+00    0.491E-01    0.518E-02    0.519E-02    0.214E-02    0.214E-02    0.107E-03    0.107E-03    0.000E+00    0.000E+00
     3.000     0.510    0.340E+00    0.992E-01    0.434E-01    0.467E-02    0.468E-02    0.193E-02    0.193E-02    0.915E-04    0.915E-04    0.000E+00    0.000E+00
     3.000     0.520    0.325E+00    0.922E-01    0.383E-01    0.421E-02    0.421E-02    0.173E-02    0.173E-02    0.783E-04    0.783E-04    0.000E+00    0.000E+00
     3.000     0.530    0.310E+00    0.855E-01    0.337E-01    0.378E-02    0.378E-02    0.155E-02    0.155E-02    0.668E-04    0.668E-04    0.000E+00    0.000E+00
     3.000     0.540    0.295E+00    0.790E-01    0.295E-01    0.338E-02    0.338E-02    0.139E-02    0.139E-02    0.568E-04    0.568E-04    0.000E+00    0.000E+00
     3.000     0.550    0.280E+00    0.728E-01    0.258E-01    0.302E-02    0.302E-02    0.124E-02    0.124E-02    0.482E-04    0.482E-04    0.000E+00    0.000E+00
     3.000     0.560    0.266E+00    0.669E-01    0.225E-01    0.268E-02    0.268E-02    0.110E-02    0.110E-02    0.407E-04    0.407E-04    0.000E+00    0.000E+00
     3.000     0.570    0.252E+00    0.613E-01    0.196E-01    0.238E-02    0.238E-02    0.971E-03    0.971E-03    0.342E-04    0.342E-04    0.000E+00    0.000E+00
     3.000     0.580    0.238E+00    0.559E-01    0.169E-01    0.210E-02    0.210E-02    0.856E-03    0.856E-03    0.287E-04    0.287E-04    0.000E+00    0.000E+00
     3.000     0.590    0.224E+00    0.509E-01    0.146E-01    0.184E-02    0.184E-02    0.751E-03    0.751E-03    0.240E-04    0.240E-04    0.000E+00    0.000E+00
     3.000     0.600    0.211E+00    0.462E-01    0.126E-01    0.161E-02    0.161E-02    0.656E-03    0.656E-03    0.199E-04    0.199E-04    0.000E+00    0.000E+00
     3.000     0.610    0.198E+00    0.417E-01    0.108E-01    0.140E-02    0.140E-02    0.570E-03    0.570E-03    0.165E-04    0.165E-04    0.000E+00    0.000E+00
     3.000     0.620    0.186E+00    0.376E-01    0.917E-02    0.121E-02    0.121E-02    0.493E-03    0.493E-03    0.136E-04    0.136E-04    0.000E+00    0.000E+00
     3.000     0.630    0.173E+00    0.337E-01    0.779E-02    0.104E-02    0.104E-02    0.423E-03    0.423E-03    0.111E-04    0.111E-04    0.000E+00    0.000E+00
     3.000     0.640    0.162E+00    0.301E-01    0.659E-02    0.888E-03    0.888E-03    0.361E-03    0.361E-03    0.907E-05    0.907E-05    0.000E+00    0.000E+00
     3.000     0.650    0.150E+00    0.268E-01    0.555E-02    0.751E-03    0.751E-03    0.305E-03    0.305E-03    0.736E-05    0.736E-05    0.000E+00    0.000E+00
     3.000     0.660    0.139E+00    0.237E-01    0.465E-02    0.630E-03    0.630E-03    0.255E-03    0.255E-03    0.593E-05    0.593E-05    0.000E+00    0.000E+00
     3.000     0.670    0.128E+00    0.209E-01    0.388E-02    0.522E-03    0.522E-03    0.212E-03    0.212E-03    0.475E-05    0.475E-05    0.000E+00    0.000E+00
     3.000     0.680    0.118E+00    0.183E-01    0.322E-02    0.428E-03    0.428E-03    0.173E-03    0.173E-03    0.379E-05    0.379E-05    0.000E+00    0.000E+00
     3.000     0.690    0.109E+00    0.159E-01    0.265E-02    0.345E-03    0.345E-03    0.140E-03    0.140E-03    0.300E-05    0.300E-05    0.000E+00    0.000E+00
     3.000     0.700    0.993E-01    0.138E-01    0.218E-02    0.273E-03    0.273E-03    0.111E-03    0.111E-03    0.235E-05    0.235E-05    0.000E+00    0.000E+00
     3.000     0.710    0.905E-01    0.119E-01    0.177E-02    0.211E-03    0.211E-03    0.855E-04    0.855E-04    0.183E-05    0.183E-05    0.000E+00    0.000E+00
     3.000     0.720    0.821E-01    0.102E-01    0.144E-02    0.158E-03    0.158E-03    0.641E-04    0.641E-04    0.142E-05    0.142E-05    0.000E+00    0.000E+00
     3.000     0.730    0.741E-01    0.868E-02    0.116E-02    0.113E-03    0.113E-03    0.459E-04    0.459E-04    0.109E-05    0.109E-05    0.000E+00    0.000E+00
     3.000     0.740    0.667E-01    0.733E-02    0.924E-03    0.757E-04    0.757E-04    0.308E-04    0.308E-04    0.827E-06    0.827E-06    0.000E+00    0.000E+00
     3.000     0.750    0.597E-01    0.614E-02    0.733E-03    0.437E-04    0.437E-04    0.178E-04    0.178E-04    0.622E-06    0.622E-06    0.000E+00    0.000E+00
     3.000     0.760    0.531E-01    0.510E-02    0.576E-03    0.182E-04    0.182E-04    0.757E-05    0.757E-05    0.463E-06    0.463E-06    0.000E+00    0.000E+00
     3.000     0.770    0.470E-01    0.420E-02    0.450E-03    0.295E-05    0.295E-05    0.137E-05    0.137E-05    0.342E-06    0.342E-06    0.000E+00    0.000E+00
     3.000     0.780    0.413E-01    0.342E-02    0.347E-03    0.000E+00    0.000E+00    0.000E+00    0.000E+00    0.248E-06    0.248E-06    0.000E+00    0.000E+00
     3.000     0.790    0.361E-01    0.276E-02    0.266E-03    0.000E+00    0.000E+00    0.000E+00    0.000E+00    0.179E-06    0.179E-06    0.000E+00    0.000E+00
     3.000     0.800    0.313E-01    0.221E-02    0.201E-03    0.000E+00    0.000E+00    0.000E+00    0.000E+00    0.127E-06    0.127E-06    0.000E+00    0.000E+00
     3.000     0.810    0.269E-01    0.176E-02    0.151E-03    0.000E+00    0.000E+00    0.000E+00    0.000E+00    0.886E-07    0.886E-07    0.000E+00    0.000E+00
     3.000     0.820    0.230E-01    0.138E-02    0.112E-03    0.000E+00    0.000E+00    0.000E+00    0.000E+00    0.608E-07    0.608E-07    0.000E+00    0.000E+00
     3.000     0.830    0.194E-01    0.106E-02    0.814E-04    0.000E+00    0.000E+00    0.000E+00    0.000E+00    0.410E-07    0.410E-07    0.000E+00    0.000E+00
     3.000     0.840    0.162E-01    0.807E-03    0.586E-04    0.000E+00    0.000E+00    0.000E+00    0.000E+00    0.272E-07    0.272E-07    0.000E+00    0.000E+00
     3.000     0.850    0.133E-01    0.601E-03    0.414E-04    0.000E+00    0.000E+00    0.000E+00    0.000E+00    0.175E-07    0.175E-07    0.000E+00    0.000E+00
     3.000     0.860    0.108E-01    0.439E-03    0.289E-04    0.000E+00    0.000E+00    0.000E+00    0.000E+00    0.112E-07    0.112E-07    0.000E+00    0.000E+00
     3.000     0.870    0.863E-02    0.313E-03    0.196E-04    0.000E+00    0.000E+00    0.000E+00    0.000E+00    0.677E-08    0.677E-08    0.000E+00    0.000E+00
     3.000     0.880    0.676E-02    0.218E-03    0.131E-04    0.000E+00    0.000E+00    0.000E+00    0.000E+00    0.408E-08    0.408E-08    0.000E+00    0.000E+00
     3.000     0.890    0.518E-02    0.148E-03    0.845E-05    0.000E+00    0.000E+00    0.000E+00    0.000E+00    0.231E-08    0.231E-08    0.000E+00    0.000E+00
     3.000     0.900    0.386E-02    0.966E-04    0.528E-05    0.000E+00    0.000E+00    0.000E+00    0.000E+00    0.126E-08    0.126E-08    0.000E+00    0.000E+00
     3.000     0.910    0.279E-02    0.610E-04    0.320E-05    0.000E+00    0.000E+00    0.000E+00    0.000E+00    0.668E-09    0.668E-09    0.000E+00    0.000E+00
     3.000     0.920    0.193E-02    0.364E-04    0.180E-05    0.000E+00    0.000E+00    0.000E+00    0.000E+00    0.307E-09    0.307E-09    0.000E+00    0.000E+00
     3.000     0.930    0.127E-02    0.210E-04    0.995E-06    0.000E+00    0.000E+00    0.000E+00    0.000E+00    0.154E-09    0.154E-09    0.000E+00    0.000E+00
     3.000     0.940    0.784E-03    0.108E-04    0.466E-06    0.000E+00    0.000E+00    0.000E+00    0.000E+00    0.524E-10    0.524E-10    0.000E+00    0.000E+00
     3.000     0.950    0.438E-03    0.528E-05    0.206E-06    0.000E+00    0.000E+00    0.000E+00    0.000E+00    0.216E-10    0.216E-10    0.000E+00    0.000E+00
     3.000     0.960    0.196E-03    0.197E-05    0.643E-07    0.307E-07    0.307E-07    0.123E-07    0.123E-07    0.602E-11    0.602E-11    0.000E+00    0.000E+00
     3.000     0.970    0.448E-04    0.316E-06    0.522E-08    0.739E-07    0.739E-07    0.295E-07    0.295E-07    0.000E+00    0.000E+00    0.000E+00    0.000E+00
     3.000     0.980    0.000E+00    0.000E+00    0.442E-08    0.980E-07    0.980E-07    0.392E-07    0.392E-07    0.204E-11    0.204E-11    0.000E+00    0.000E+00
     3.000     0.990    0.000E+00    0.589E-07    0.180E-07    0.811E-07    0.811E-07    0.324E-07    0.324E-07    0.511E-11    0.511E-11    0.000E+00    0.000E+00

