     Q**2          x         u           d           g          ub          db          sb          s          cb          c          bb          b
     0.500     0.010    0.182E+00    0.147E+00    0.000E+00    0.785E-01    0.970E-01    0.000E+00    0.000E+00    0.000E+00    0.000E+00    0.000E+00    0.000E+00
     0.500     0.020    0.253E+00    0.215E+00    0.105E+00    0.847E-01    0.106E+00    0.000E+00    0.000E+00    0.000E+00    0.000E+00    0.000E+00    0.000E+00
     0.500     0.030    0.320E+00    0.273E+00    0.967E+00    0.945E-01    0.113E+00    0.000E+00    0.000E+00    0.000E+00    0.000E+00    0.000E+00    0.000E+00
     0.500     0.040    0.381E+00    0.320E+00    0.143E+01    0.104E+00    0.120E+00    0.573E-02    0.573E-02    0.000E+00    0.000E+00    0.000E+00    0.000E+00
     0.500     0.050    0.434E+00    0.358E+00    0.170E+01    0.109E+00    0.125E+00    0.144E-01    0.144E-01    0.000E+00    0.000E+00    0.000E+00    0.000E+00
     0.500     0.060    0.481E+00    0.388E+00    0.182E+01    0.111E+00    0.130E+00    0.209E-01    0.209E-01    0.000E+00    0.000E+00    0.000E+00    0.000E+00
     0.500     0.070    0.522E+00    0.413E+00    0.186E+01    0.110E+00    0.134E+00    0.258E-01    0.258E-01    0.000E+00    0.000E+00    0.000E+00    0.000E+00
     0.500     0.080    0.559E+00    0.433E+00    0.184E+01    0.107E+00    0.138E+00    0.294E-01    0.294E-01    0.000E+00    0.000E+00    0.000E+00    0.000E+00
     0.500     0.090    0.592E+00    0.449E+00    0.178E+01    0.103E+00    0.140E+00    0.318E-01    0.318E-01    0.000E+00    0.000E+00    0.000E+00    0.000E+00
     0.500     0.100    0.622E+00    0.461E+00    0.170E+01    0.974E-01    0.141E+00    0.334E-01    0.334E-01    0.000E+00    0.000E+00    0.000E+00    0.000E+00
     0.500     0.110    0.649E+00    0.470E+00    0.161E+01    0.919E-01    0.141E+00    0.342E-01    0.342E-01    0.000E+00    0.000E+00    0.000E+00    0.000E+00
     0.500     0.120    0.674E+00    0.477E+00    0.150E+01    0.865E-01    0.140E+00    0.344E-01    0.344E-01    0.000E+00    0.000E+00    0.000E+00    0.000E+00
     0.500     0.130    0.697E+00    0.481E+00    0.140E+01    0.813E-01    0.137E+00    0.342E-01    0.342E-01    0.000E+00    0.000E+00    0.000E+00    0.000E+00
     0.500     0.140    0.719E+00    0.483E+00    0.130E+01    0.766E-01    0.133E+00    0.337E-01    0.337E-01    0.000E+00    0.000E+00    0.000E+00    0.000E+00
     0.500     0.150    0.739E+00    0.484E+00    0.120E+01    0.721E-01    0.128E+00    0.328E-01    0.328E-01    0.000E+00    0.000E+00    0.000E+00    0.000E+00
     0.500     0.160    0.757E+00    0.483E+00    0.110E+01    0.681E-01    0.122E+00    0.317E-01    0.317E-01    0.000E+00    0.000E+00    0.000E+00    0.000E+00
     0.500     0.170    0.773E+00    0.481E+00    0.102E+01    0.644E-01    0.116E+00    0.304E-01    0.304E-01    0.000E+00    0.000E+00    0.000E+00    0.000E+00
     0.500     0.180    0.788E+00    0.479E+00    0.936E+00    0.609E-01    0.109E+00    0.291E-01    0.291E-01    0.000E+00    0.000E+00    0.000E+00    0.000E+00
     0.500     0.190    0.801E+00    0.476E+00    0.862E+00    0.578E-01    0.103E+00    0.276E-01    0.276E-01    0.000E+00    0.000E+00    0.000E+00    0.000E+00
     0.500     0.200    0.812E+00    0.472E+00    0.795E+00    0.548E-01    0.957E-01    0.261E-01    0.261E-01    0.000E+00    0.000E+00    0.000E+00    0.000E+00
     0.500     0.210    0.822E+00    0.467E+00    0.735E+00    0.520E-01    0.888E-01    0.245E-01    0.245E-01    0.000E+00    0.000E+00    0.000E+00    0.000E+00
     0.500     0.220    0.829E+00    0.462E+00    0.681E+00    0.494E-01    0.820E-01    0.230E-01    0.230E-01    0.000E+00    0.000E+00    0.000E+00    0.000E+00
     0.500     0.230    0.835E+00    0.457E+00    0.633E+00    0.468E-01    0.754E-01    0.215E-01    0.215E-01    0.000E+00    0.000E+00    0.000E+00    0.000E+00
     0.500     0.240    0.839E+00    0.451E+00    0.589E+00    0.443E-01    0.690E-01    0.200E-01    0.200E-01    0.000E+00    0.000E+00    0.000E+00    0.000E+00
     0.500     0.250    0.842E+00    0.444E+00    0.551E+00    0.419E-01    0.630E-01    0.186E-01    0.186E-01    0.000E+00    0.000E+00    0.000E+00    0.000E+00
     0.500     0.260    0.843E+00    0.438E+00    0.517E+00    0.395E-01    0.573E-01    0.172E-01    0.172E-01    0.000E+00    0.000E+00    0.000E+00    0.000E+00
     0.500     0.270    0.842E+00    0.430E+00    0.487E+00    0.372E-01    0.519E-01    0.158E-01    0.158E-01    0.000E+00    0.000E+00    0.000E+00    0.000E+00
     0.500     0.280    0.839E+00    0.423E+00    0.460E+00    0.349E-01    0.470E-01    0.146E-01    0.146E-01    0.000E+00    0.000E+00    0.000E+00    0.000E+00
     0.500     0.290    0.835E+00    0.414E+00    0.436E+00    0.326E-01    0.424E-01    0.134E-01    0.134E-01    0.000E+00    0.000E+00    0.000E+00    0.000E+00
     0.500     0.300    0.830E+00    0.405E+00    0.414E+00    0.303E-01    0.382E-01    0.122E-01    0.122E-01    0.000E+00    0.000E+00    0.000E+00    0.000E+00
     0.500     0.310    0.823E+00    0.396E+00    0.394E+00    0.281E-01    0.343E-01    0.112E-01    0.112E-01    0.000E+00    0.000E+00    0.000E+00    0.000E+00
     0.500     0.320    0.815E+00    0.386E+00    0.376E+00    0.259E-01    0.308E-01    0.102E-01    0.102E-01    0.000E+00    0.000E+00    0.000E+00    0.000E+00
     0.500     0.330    0.805E+00    0.376E+00    0.359E+00    0.239E-01    0.276E-01    0.922E-02    0.922E-02    0.000E+00    0.000E+00    0.000E+00    0.000E+00
     0.500     0.340    0.795E+00    0.365E+00    0.344E+00    0.219E-01    0.247E-01    0.834E-02    0.834E-02    0.000E+00    0.000E+00    0.000E+00    0.000E+00
     0.500     0.350    0.783E+00    0.354E+00    0.329E+00    0.200E-01    0.221E-01    0.754E-02    0.754E-02    0.000E+00    0.000E+00    0.000E+00    0.000E+00
     0.500     0.360    0.770E+00    0.343E+00    0.316E+00    0.181E-01    0.197E-01    0.679E-02    0.679E-02    0.000E+00    0.000E+00    0.000E+00    0.000E+00
     0.500     0.370    0.756E+00    0.331E+00    0.302E+00    0.164E-01    0.176E-01    0.610E-02    0.610E-02    0.000E+00    0.000E+00    0.000E+00    0.000E+00
     0.500     0.380    0.742E+00    0.319E+00    0.289E+00    0.148E-01    0.157E-01    0.546E-02    0.546E-02    0.000E+00    0.000E+00    0.000E+00    0.000E+00
     0.500     0.390    0.726E+00    0.306E+00    0.277E+00    0.133E-01    0.139E-01    0.488E-02    0.488E-02    0.000E+00    0.000E+00    0.000E+00    0.000E+00
     0.500     0.400    0.710E+00    0.293E+00    0.265E+00    0.119E-01    0.124E-01    0.435E-02    0.435E-02    0.000E+00    0.000E+00    0.000E+00    0.000E+00
     0.500     0.410    0.693E+00    0.280E+00    0.253E+00    0.106E-01    0.109E-01    0.387E-02    0.387E-02    0.000E+00    0.000E+00    0.000E+00    0.000E+00
     0.500     0.420    0.675E+00    0.267E+00    0.241E+00    0.946E-02    0.967E-02    0.343E-02    0.343E-02    0.000E+00    0.000E+00    0.000E+00    0.000E+00
     0.500     0.430    0.657E+00    0.254E+00    0.229E+00    0.838E-02    0.853E-02    0.304E-02    0.304E-02    0.000E+00    0.000E+00    0.000E+00    0.000E+00
     0.500     0.440    0.638E+00    0.241E+00    0.217E+00    0.740E-02    0.750E-02    0.268E-02    0.268E-02    0.000E+00    0.000E+00    0.000E+00    0.000E+00
     0.500     0.450    0.619E+00    0.228E+00    0.206E+00    0.652E-02    0.658E-02    0.236E-02    0.236E-02    0.000E+00    0.000E+00    0.000E+00    0.000E+00
     0.500     0.460    0.599E+00    0.215E+00    0.194E+00    0.572E-02    0.576E-02    0.207E-02    0.207E-02    0.000E+00    0.000E+00    0.000E+00    0.000E+00
     0.500     0.470    0.579E+00    0.202E+00    0.183E+00    0.500E-02    0.503E-02    0.181E-02    0.181E-02    0.000E+00    0.000E+00    0.000E+00    0.000E+00
     0.500     0.480    0.559E+00    0.189E+00    0.172E+00    0.436E-02    0.438E-02    0.157E-02    0.157E-02    0.000E+00    0.000E+00    0.000E+00    0.000E+00
     0.500     0.490    0.538E+00    0.177E+00    0.161E+00    0.378E-02    0.380E-02    0.137E-02    0.137E-02    0.000E+00    0.000E+00    0.000E+00    0.000E+00
     0.500     0.500    0.518E+00    0.165E+00    0.150E+00    0.327E-02    0.328E-02    0.118E-02    0.118E-02    0.000E+00    0.000E+00    0.000E+00    0.000E+00
     0.500     0.510    0.497E+00    0.153E+00    0.139E+00    0.282E-02    0.283E-02    0.102E-02    0.102E-02    0.000E+00    0.000E+00    0.000E+00    0.000E+00
     0.500     0.520    0.476E+00    0.142E+00    0.129E+00    0.243E-02    0.243E-02    0.880E-03    0.880E-03    0.000E+00    0.000E+00    0.000E+00    0.000E+00
     0.500     0.530    0.456E+00    0.131E+00    0.119E+00    0.208E-02    0.208E-02    0.755E-03    0.755E-03    0.000E+00    0.000E+00    0.000E+00    0.000E+00
     0.500     0.540    0.435E+00    0.121E+00    0.110E+00    0.177E-02    0.177E-02    0.645E-03    0.645E-03    0.000E+00    0.000E+00    0.000E+00    0.000E+00
     0.500     0.550    0.414E+00    0.111E+00    0.101E+00    0.150E-02    0.150E-02    0.549E-03    0.549E-03    0.000E+00    0.000E+00    0.000E+00    0.000E+00
     0.500     0.560    0.394E+00    0.102E+00    0.918E-01    0.127E-02    0.127E-02    0.465E-03    0.465E-03    0.000E+00    0.000E+00    0.000E+00    0.000E+00
     0.500     0.570    0.374E+00    0.926E-01    0.834E-01    0.107E-02    0.107E-02    0.393E-03    0.393E-03    0.000E+00    0.000E+00    0.000E+00    0.000E+00
     0.500     0.580    0.354E+00    0.842E-01    0.755E-01    0.897E-03    0.897E-03    0.330E-03    0.330E-03    0.000E+00    0.000E+00    0.000E+00    0.000E+00
     0.500     0.590    0.334E+00    0.762E-01    0.680E-01    0.749E-03    0.749E-03    0.277E-03    0.277E-03    0.000E+00    0.000E+00    0.000E+00    0.000E+00
     0.500     0.600    0.315E+00    0.688E-01    0.609E-01    0.621E-03    0.621E-03    0.230E-03    0.230E-03    0.000E+00    0.000E+00    0.000E+00    0.000E+00
     0.500     0.610    0.296E+00    0.619E-01    0.544E-01    0.513E-03    0.513E-03    0.191E-03    0.191E-03    0.000E+00    0.000E+00    0.000E+00    0.000E+00
     0.500     0.620    0.278E+00    0.554E-01    0.483E-01    0.422E-03    0.422E-03    0.158E-03    0.158E-03    0.000E+00    0.000E+00    0.000E+00    0.000E+00
     0.500     0.630    0.259E+00    0.495E-01    0.426E-01    0.345E-03    0.345E-03    0.130E-03    0.130E-03    0.000E+00    0.000E+00    0.000E+00    0.000E+00
     0.500     0.640    0.242E+00    0.440E-01    0.374E-01    0.280E-03    0.280E-03    0.106E-03    0.106E-03    0.000E+00    0.000E+00    0.000E+00    0.000E+00
     0.500     0.650    0.225E+00    0.390E-01    0.327E-01    0.226E-03    0.226E-03    0.859E-04    0.859E-04    0.000E+00    0.000E+00    0.000E+00    0.000E+00
     0.500     0.660    0.208E+00    0.344E-01    0.283E-01    0.181E-03    0.181E-03    0.693E-04    0.693E-04    0.000E+00    0.000E+00    0.000E+00    0.000E+00
     0.500     0.670    0.193E+00    0.303E-01    0.244E-01    0.144E-03    0.144E-03    0.556E-04    0.556E-04    0.000E+00    0.000E+00    0.000E+00    0.000E+00
     0.500     0.680    0.177E+00    0.265E-01    0.209E-01    0.114E-03    0.114E-03    0.442E-04    0.442E-04    0.000E+00    0.000E+00    0.000E+00    0.000E+00
     0.500     0.690    0.163E+00    0.231E-01    0.178E-01    0.893E-04    0.893E-04    0.350E-04    0.350E-04    0.000E+00    0.000E+00    0.000E+00    0.000E+00
     0.500     0.700    0.149E+00    0.201E-01    0.150E-01    0.695E-04    0.695E-04    0.275E-04    0.275E-04    0.000E+00    0.000E+00    0.000E+00    0.000E+00
     0.500     0.710    0.135E+00    0.174E-01    0.126E-01    0.535E-04    0.535E-04    0.213E-04    0.213E-04    0.000E+00    0.000E+00    0.000E+00    0.000E+00
     0.500     0.720    0.123E+00    0.150E-01    0.104E-01    0.409E-04    0.409E-04    0.165E-04    0.165E-04    0.000E+00    0.000E+00    0.000E+00    0.000E+00
     0.500     0.730    0.111E+00    0.128E-01    0.857E-02    0.309E-04    0.309E-04    0.126E-04    0.126E-04    0.476E-07    0.476E-07    0.000E+00    0.000E+00
     0.500     0.740    0.993E-01    0.110E-01    0.698E-02    0.231E-04    0.231E-04    0.954E-05    0.954E-05    0.197E-07    0.197E-07    0.000E+00    0.000E+00
     0.500     0.750    0.886E-01    0.932E-02    0.562E-02    0.171E-04    0.171E-04    0.714E-05    0.714E-05    0.000E+00    0.000E+00    0.000E+00    0.000E+00
     0.500     0.760    0.787E-01    0.789E-02    0.448E-02    0.125E-04    0.125E-04    0.528E-05    0.528E-05    0.000E+00    0.000E+00    0.000E+00    0.000E+00
     0.500     0.770    0.694E-01    0.665E-02    0.352E-02    0.900E-05    0.900E-05    0.387E-05    0.387E-05    0.000E+00    0.000E+00    0.000E+00    0.000E+00
     0.500     0.780    0.608E-01    0.558E-02    0.273E-02    0.637E-05    0.637E-05    0.278E-05    0.278E-05    0.000E+00    0.000E+00    0.000E+00    0.000E+00
     0.500     0.790    0.529E-01    0.466E-02    0.209E-02    0.447E-05    0.447E-05    0.199E-05    0.199E-05    0.000E+00    0.000E+00    0.000E+00    0.000E+00
     0.500     0.800    0.457E-01    0.387E-02    0.157E-02    0.305E-05    0.305E-05    0.138E-05    0.138E-05    0.000E+00    0.000E+00    0.000E+00    0.000E+00
     0.500     0.810    0.391E-01    0.319E-02    0.116E-02    0.206E-05    0.206E-05    0.954E-06    0.954E-06    0.000E+00    0.000E+00    0.000E+00    0.000E+00
     0.500     0.820    0.331E-01    0.262E-02    0.839E-03    0.135E-05    0.135E-05    0.641E-06    0.641E-06    0.000E+00    0.000E+00    0.000E+00    0.000E+00
     0.500     0.830    0.278E-01    0.213E-02    0.594E-03    0.870E-06    0.870E-06    0.423E-06    0.423E-06    0.000E+00    0.000E+00    0.000E+00    0.000E+00
     0.500     0.840    0.230E-01    0.172E-02    0.409E-03    0.547E-06    0.547E-06    0.273E-06    0.273E-06    0.000E+00    0.000E+00    0.000E+00    0.000E+00
     0.500     0.850    0.188E-01    0.138E-02    0.273E-03    0.329E-06    0.329E-06    0.169E-06    0.169E-06    0.000E+00    0.000E+00    0.000E+00    0.000E+00
     0.500     0.860    0.151E-01    0.109E-02    0.177E-03    0.198E-06    0.198E-06    0.105E-06    0.105E-06    0.000E+00    0.000E+00    0.000E+00    0.000E+00
     0.500     0.870    0.119E-01    0.850E-03    0.109E-03    0.108E-06    0.108E-06    0.597E-07    0.597E-07    0.000E+00    0.000E+00    0.000E+00    0.000E+00
     0.500     0.880    0.923E-02    0.653E-03    0.642E-04    0.595E-07    0.595E-07    0.340E-07    0.340E-07    0.000E+00    0.000E+00    0.000E+00    0.000E+00
     0.500     0.890    0.697E-02    0.492E-03    0.350E-04    0.296E-07    0.296E-07    0.178E-07    0.178E-07    0.000E+00    0.000E+00    0.000E+00    0.000E+00
     0.500     0.900    0.512E-02    0.361E-03    0.176E-04    0.137E-07    0.137E-07    0.877E-08    0.877E-08    0.000E+00    0.000E+00    0.000E+00    0.000E+00
     0.500     0.910    0.363E-02    0.257E-03    0.792E-05    0.632E-08    0.632E-08    0.414E-08    0.414E-08    0.000E+00    0.000E+00    0.000E+00    0.000E+00
     0.500     0.920    0.247E-02    0.176E-03    0.257E-05    0.200E-08    0.200E-08    0.135E-08    0.135E-08    0.000E+00    0.000E+00    0.000E+00    0.000E+00
     0.500     0.930    0.159E-02    0.115E-03    0.746E-06    0.950E-09    0.950E-09    0.436E-09    0.436E-09    0.000E+00    0.000E+00    0.000E+00    0.000E+00
     0.500     0.940    0.949E-03    0.695E-04    0.000E+00    0.188E-10    0.188E-10    0.000E+00    0.000E+00    0.000E+00    0.000E+00    0.000E+00    0.000E+00
     0.500     0.950    0.512E-03    0.381E-04    0.000E+00    0.000E+00    0.000E+00    0.000E+00    0.000E+00    0.000E+00    0.000E+00    0.000E+00    0.000E+00
     0.500     0.960    0.220E-03    0.167E-04    0.000E+00    0.000E+00    0.000E+00    0.000E+00    0.000E+00    0.000E+00    0.000E+00    0.000E+00    0.000E+00
     0.500     0.970    0.476E-04    0.371E-05    0.000E+00    0.000E+00    0.000E+00    0.000E+00    0.000E+00    0.000E+00    0.000E+00    0.000E+00    0.000E+00
     0.500     0.980    0.000E+00    0.000E+00    0.781E-07    0.415E-10    0.415E-10    0.222E-10    0.222E-10    0.000E+00    0.000E+00    0.000E+00    0.000E+00
     0.500     0.990    0.000E+00    0.000E+00    0.146E-06    0.834E-10    0.834E-10    0.417E-10    0.417E-10    0.000E+00    0.000E+00    0.000E+00    0.000E+00

