     Q**2          x         u           d           g          ub          db          sb          s          cb          c          bb          b
     0.500     0.010    0.290E+00    0.265E+00    0.000E+00    0.175E+00    0.197E+00    0.320E-01    0.320E-01    0.000E+00    0.000E+00    0.000E+00    0.000E+00
     0.500     0.020    0.308E+00    0.289E+00    0.000E+00    0.150E+00    0.171E+00    0.280E-01    0.280E-01    0.000E+00    0.000E+00    0.000E+00    0.000E+00
     0.500     0.030    0.333E+00    0.309E+00    0.693E-01    0.137E+00    0.154E+00    0.263E-01    0.263E-01    0.000E+00    0.000E+00    0.000E+00    0.000E+00
     0.500     0.040    0.361E+00    0.326E+00    0.418E+00    0.130E+00    0.142E+00    0.255E-01    0.255E-01    0.000E+00    0.000E+00    0.000E+00    0.000E+00
     0.500     0.050    0.388E+00    0.341E+00    0.679E+00    0.123E+00    0.132E+00    0.249E-01    0.249E-01    0.000E+00    0.000E+00    0.000E+00    0.000E+00
     0.500     0.060    0.414E+00    0.354E+00    0.867E+00    0.116E+00    0.125E+00    0.245E-01    0.245E-01    0.000E+00    0.000E+00    0.000E+00    0.000E+00
     0.500     0.070    0.440E+00    0.366E+00    0.101E+01    0.109E+00    0.120E+00    0.241E-01    0.241E-01    0.000E+00    0.000E+00    0.000E+00    0.000E+00
     0.500     0.080    0.464E+00    0.378E+00    0.112E+01    0.101E+00    0.117E+00    0.237E-01    0.237E-01    0.000E+00    0.000E+00    0.000E+00    0.000E+00
     0.500     0.090    0.488E+00    0.388E+00    0.120E+01    0.940E-01    0.114E+00    0.234E-01    0.234E-01    0.000E+00    0.000E+00    0.000E+00    0.000E+00
     0.500     0.100    0.511E+00    0.397E+00    0.126E+01    0.869E-01    0.112E+00    0.230E-01    0.230E-01    0.000E+00    0.000E+00    0.000E+00    0.000E+00
     0.500     0.110    0.533E+00    0.405E+00    0.130E+01    0.803E-01    0.109E+00    0.226E-01    0.226E-01    0.000E+00    0.000E+00    0.000E+00    0.000E+00
     0.500     0.120    0.556E+00    0.412E+00    0.132E+01    0.742E-01    0.107E+00    0.222E-01    0.222E-01    0.000E+00    0.000E+00    0.000E+00    0.000E+00
     0.500     0.130    0.577E+00    0.417E+00    0.133E+01    0.688E-01    0.104E+00    0.217E-01    0.217E-01    0.000E+00    0.000E+00    0.000E+00    0.000E+00
     0.500     0.140    0.598E+00    0.422E+00    0.133E+01    0.641E-01    0.101E+00    0.213E-01    0.213E-01    0.000E+00    0.000E+00    0.000E+00    0.000E+00
     0.500     0.150    0.618E+00    0.425E+00    0.133E+01    0.599E-01    0.981E-01    0.208E-01    0.208E-01    0.000E+00    0.000E+00    0.000E+00    0.000E+00
     0.500     0.160    0.638E+00    0.427E+00    0.131E+01    0.563E-01    0.946E-01    0.203E-01    0.203E-01    0.000E+00    0.000E+00    0.000E+00    0.000E+00
     0.500     0.170    0.656E+00    0.429E+00    0.129E+01    0.532E-01    0.910E-01    0.198E-01    0.198E-01    0.000E+00    0.000E+00    0.000E+00    0.000E+00
     0.500     0.180    0.674E+00    0.430E+00    0.126E+01    0.504E-01    0.871E-01    0.193E-01    0.193E-01    0.000E+00    0.000E+00    0.000E+00    0.000E+00
     0.500     0.190    0.690E+00    0.429E+00    0.123E+01    0.481E-01    0.832E-01    0.187E-01    0.187E-01    0.000E+00    0.000E+00    0.000E+00    0.000E+00
     0.500     0.200    0.705E+00    0.429E+00    0.119E+01    0.460E-01    0.791E-01    0.182E-01    0.182E-01    0.000E+00    0.000E+00    0.000E+00    0.000E+00
     0.500     0.210    0.719E+00    0.427E+00    0.115E+01    0.442E-01    0.751E-01    0.176E-01    0.176E-01    0.000E+00    0.000E+00    0.000E+00    0.000E+00
     0.500     0.220    0.732E+00    0.425E+00    0.111E+01    0.426E-01    0.710E-01    0.170E-01    0.170E-01    0.000E+00    0.000E+00    0.000E+00    0.000E+00
     0.500     0.230    0.743E+00    0.422E+00    0.107E+01    0.411E-01    0.670E-01    0.165E-01    0.165E-01    0.000E+00    0.000E+00    0.000E+00    0.000E+00
     0.500     0.240    0.753E+00    0.418E+00    0.102E+01    0.397E-01    0.631E-01    0.159E-01    0.159E-01    0.000E+00    0.000E+00    0.000E+00    0.000E+00
     0.500     0.250    0.762E+00    0.414E+00    0.978E+00    0.384E-01    0.593E-01    0.153E-01    0.153E-01    0.000E+00    0.000E+00    0.000E+00    0.000E+00
     0.500     0.260    0.768E+00    0.409E+00    0.932E+00    0.372E-01    0.556E-01    0.147E-01    0.147E-01    0.000E+00    0.000E+00    0.000E+00    0.000E+00
     0.500     0.270    0.774E+00    0.404E+00    0.886E+00    0.360E-01    0.520E-01    0.141E-01    0.141E-01    0.000E+00    0.000E+00    0.000E+00    0.000E+00
     0.500     0.280    0.778E+00    0.398E+00    0.840E+00    0.348E-01    0.486E-01    0.135E-01    0.135E-01    0.000E+00    0.000E+00    0.000E+00    0.000E+00
     0.500     0.290    0.781E+00    0.392E+00    0.795E+00    0.336E-01    0.454E-01    0.130E-01    0.130E-01    0.000E+00    0.000E+00    0.000E+00    0.000E+00
     0.500     0.300    0.782E+00    0.385E+00    0.750E+00    0.324E-01    0.424E-01    0.124E-01    0.124E-01    0.000E+00    0.000E+00    0.000E+00    0.000E+00
     0.500     0.310    0.782E+00    0.378E+00    0.706E+00    0.311E-01    0.395E-01    0.118E-01    0.118E-01    0.000E+00    0.000E+00    0.000E+00    0.000E+00
     0.500     0.320    0.780E+00    0.370E+00    0.663E+00    0.299E-01    0.368E-01    0.113E-01    0.113E-01    0.000E+00    0.000E+00    0.000E+00    0.000E+00
     0.500     0.330    0.777E+00    0.362E+00    0.621E+00    0.286E-01    0.343E-01    0.107E-01    0.107E-01    0.000E+00    0.000E+00    0.000E+00    0.000E+00
     0.500     0.340    0.773E+00    0.354E+00    0.580E+00    0.273E-01    0.319E-01    0.102E-01    0.102E-01    0.000E+00    0.000E+00    0.000E+00    0.000E+00
     0.500     0.350    0.767E+00    0.345E+00    0.541E+00    0.260E-01    0.297E-01    0.966E-02    0.966E-02    0.000E+00    0.000E+00    0.000E+00    0.000E+00
     0.500     0.360    0.760E+00    0.335E+00    0.504E+00    0.247E-01    0.276E-01    0.915E-02    0.915E-02    0.000E+00    0.000E+00    0.000E+00    0.000E+00
     0.500     0.370    0.752E+00    0.326E+00    0.467E+00    0.234E-01    0.257E-01    0.865E-02    0.865E-02    0.000E+00    0.000E+00    0.000E+00    0.000E+00
     0.500     0.380    0.743E+00    0.316E+00    0.433E+00    0.221E-01    0.239E-01    0.816E-02    0.816E-02    0.000E+00    0.000E+00    0.000E+00    0.000E+00
     0.500     0.390    0.733E+00    0.306E+00    0.400E+00    0.208E-01    0.222E-01    0.769E-02    0.769E-02    0.000E+00    0.000E+00    0.000E+00    0.000E+00
     0.500     0.400    0.722E+00    0.295E+00    0.368E+00    0.196E-01    0.206E-01    0.723E-02    0.723E-02    0.000E+00    0.000E+00    0.000E+00    0.000E+00
     0.500     0.410    0.710E+00    0.285E+00    0.339E+00    0.184E-01    0.192E-01    0.679E-02    0.679E-02    0.000E+00    0.000E+00    0.000E+00    0.000E+00
     0.500     0.420    0.697E+00    0.274E+00    0.310E+00    0.172E-01    0.178E-01    0.636E-02    0.636E-02    0.000E+00    0.000E+00    0.000E+00    0.000E+00
     0.500     0.430    0.684E+00    0.263E+00    0.284E+00    0.160E-01    0.165E-01    0.595E-02    0.595E-02    0.000E+00    0.000E+00    0.000E+00    0.000E+00
     0.500     0.440    0.669E+00    0.252E+00    0.259E+00    0.149E-01    0.152E-01    0.555E-02    0.555E-02    0.000E+00    0.000E+00    0.000E+00    0.000E+00
     0.500     0.450    0.654E+00    0.241E+00    0.236E+00    0.139E-01    0.141E-01    0.517E-02    0.517E-02    0.000E+00    0.000E+00    0.000E+00    0.000E+00
     0.500     0.460    0.638E+00    0.230E+00    0.214E+00    0.129E-01    0.130E-01    0.480E-02    0.480E-02    0.000E+00    0.000E+00    0.000E+00    0.000E+00
     0.500     0.470    0.622E+00    0.219E+00    0.193E+00    0.119E-01    0.120E-01    0.446E-02    0.446E-02    0.000E+00    0.000E+00    0.000E+00    0.000E+00
     0.500     0.480    0.605E+00    0.208E+00    0.175E+00    0.110E-01    0.110E-01    0.412E-02    0.412E-02    0.000E+00    0.000E+00    0.000E+00    0.000E+00
     0.500     0.490    0.587E+00    0.197E+00    0.157E+00    0.101E-01    0.101E-01    0.380E-02    0.380E-02    0.000E+00    0.000E+00    0.000E+00    0.000E+00
     0.500     0.500    0.569E+00    0.186E+00    0.141E+00    0.926E-02    0.930E-02    0.350E-02    0.350E-02    0.000E+00    0.000E+00    0.000E+00    0.000E+00
     0.500     0.510    0.551E+00    0.175E+00    0.126E+00    0.848E-02    0.850E-02    0.322E-02    0.322E-02    0.000E+00    0.000E+00    0.000E+00    0.000E+00
     0.500     0.520    0.533E+00    0.165E+00    0.112E+00    0.774E-02    0.776E-02    0.295E-02    0.295E-02    0.000E+00    0.000E+00    0.000E+00    0.000E+00
     0.500     0.530    0.514E+00    0.154E+00    0.996E-01    0.705E-02    0.706E-02    0.269E-02    0.269E-02    0.000E+00    0.000E+00    0.000E+00    0.000E+00
     0.500     0.540    0.495E+00    0.144E+00    0.882E-01    0.640E-02    0.641E-02    0.245E-02    0.245E-02    0.000E+00    0.000E+00    0.000E+00    0.000E+00
     0.500     0.550    0.475E+00    0.135E+00    0.778E-01    0.579E-02    0.580E-02    0.222E-02    0.222E-02    0.000E+00    0.000E+00    0.000E+00    0.000E+00
     0.500     0.560    0.456E+00    0.125E+00    0.683E-01    0.523E-02    0.523E-02    0.201E-02    0.201E-02    0.000E+00    0.000E+00    0.000E+00    0.000E+00
     0.500     0.570    0.437E+00    0.116E+00    0.598E-01    0.470E-02    0.470E-02    0.181E-02    0.181E-02    0.000E+00    0.000E+00    0.000E+00    0.000E+00
     0.500     0.580    0.417E+00    0.107E+00    0.521E-01    0.421E-02    0.421E-02    0.163E-02    0.163E-02    0.000E+00    0.000E+00    0.000E+00    0.000E+00
     0.500     0.590    0.398E+00    0.987E-01    0.452E-01    0.375E-02    0.375E-02    0.145E-02    0.145E-02    0.000E+00    0.000E+00    0.000E+00    0.000E+00
     0.500     0.600    0.379E+00    0.906E-01    0.391E-01    0.333E-02    0.333E-02    0.129E-02    0.129E-02    0.000E+00    0.000E+00    0.000E+00    0.000E+00
     0.500     0.610    0.359E+00    0.828E-01    0.336E-01    0.295E-02    0.295E-02    0.115E-02    0.115E-02    0.000E+00    0.000E+00    0.000E+00    0.000E+00
     0.500     0.620    0.341E+00    0.755E-01    0.287E-01    0.259E-02    0.259E-02    0.101E-02    0.101E-02    0.000E+00    0.000E+00    0.000E+00    0.000E+00
     0.500     0.630    0.322E+00    0.685E-01    0.244E-01    0.227E-02    0.227E-02    0.885E-03    0.885E-03    0.000E+00    0.000E+00    0.000E+00    0.000E+00
     0.500     0.640    0.303E+00    0.619E-01    0.207E-01    0.197E-02    0.197E-02    0.770E-03    0.770E-03    0.000E+00    0.000E+00    0.000E+00    0.000E+00
     0.500     0.650    0.285E+00    0.558E-01    0.174E-01    0.170E-02    0.170E-02    0.666E-03    0.666E-03    0.000E+00    0.000E+00    0.000E+00    0.000E+00
     0.500     0.660    0.267E+00    0.500E-01    0.145E-01    0.146E-02    0.146E-02    0.571E-03    0.571E-03    0.000E+00    0.000E+00    0.000E+00    0.000E+00
     0.500     0.670    0.250E+00    0.446E-01    0.121E-01    0.124E-02    0.124E-02    0.485E-03    0.485E-03    0.000E+00    0.000E+00    0.000E+00    0.000E+00
     0.500     0.680    0.233E+00    0.396E-01    0.995E-02    0.104E-02    0.104E-02    0.408E-03    0.408E-03    0.000E+00    0.000E+00    0.000E+00    0.000E+00
     0.500     0.690    0.216E+00    0.350E-01    0.813E-02    0.862E-03    0.862E-03    0.339E-03    0.339E-03    0.000E+00    0.000E+00    0.000E+00    0.000E+00
     0.500     0.700    0.200E+00    0.307E-01    0.659E-02    0.705E-03    0.705E-03    0.278E-03    0.278E-03    0.000E+00    0.000E+00    0.000E+00    0.000E+00
     0.500     0.710    0.185E+00    0.268E-01    0.530E-02    0.567E-03    0.567E-03    0.223E-03    0.223E-03    0.000E+00    0.000E+00    0.000E+00    0.000E+00
     0.500     0.720    0.170E+00    0.233E-01    0.421E-02    0.447E-03    0.447E-03    0.176E-03    0.176E-03    0.000E+00    0.000E+00    0.000E+00    0.000E+00
     0.500     0.730    0.156E+00    0.201E-01    0.331E-02    0.342E-03    0.342E-03    0.135E-03    0.135E-03    0.000E+00    0.000E+00    0.000E+00    0.000E+00
     0.500     0.740    0.142E+00    0.172E-01    0.258E-02    0.252E-03    0.252E-03    0.990E-04    0.990E-04    0.000E+00    0.000E+00    0.000E+00    0.000E+00
     0.500     0.750    0.129E+00    0.146E-01    0.197E-02    0.174E-03    0.174E-03    0.685E-04    0.685E-04    0.000E+00    0.000E+00    0.000E+00    0.000E+00
     0.500     0.760    0.116E+00    0.123E-01    0.149E-02    0.110E-03    0.110E-03    0.429E-04    0.429E-04    0.000E+00    0.000E+00    0.000E+00    0.000E+00
     0.500     0.770    0.104E+00    0.103E-01    0.111E-02    0.588E-04    0.588E-04    0.229E-04    0.229E-04    0.000E+00    0.000E+00    0.000E+00    0.000E+00
     0.500     0.780    0.930E-01    0.853E-02    0.805E-03    0.221E-04    0.221E-04    0.859E-05    0.859E-05    0.000E+00    0.000E+00    0.000E+00    0.000E+00
     0.500     0.790    0.825E-01    0.699E-02    0.574E-03    0.000E+00    0.000E+00    0.000E+00    0.000E+00    0.000E+00    0.000E+00    0.000E+00    0.000E+00
     0.500     0.800    0.727E-01    0.569E-02    0.396E-03    0.000E+00    0.000E+00    0.000E+00    0.000E+00    0.000E+00    0.000E+00    0.000E+00    0.000E+00
     0.500     0.810    0.635E-01    0.459E-02    0.265E-03    0.000E+00    0.000E+00    0.000E+00    0.000E+00    0.000E+00    0.000E+00    0.000E+00    0.000E+00
     0.500     0.820    0.551E-01    0.365E-02    0.169E-03    0.000E+00    0.000E+00    0.000E+00    0.000E+00    0.000E+00    0.000E+00    0.000E+00    0.000E+00
     0.500     0.830    0.473E-01    0.287E-02    0.102E-03    0.000E+00    0.000E+00    0.000E+00    0.000E+00    0.000E+00    0.000E+00    0.000E+00    0.000E+00
     0.500     0.840    0.402E-01    0.221E-02    0.559E-04    0.000E+00    0.000E+00    0.000E+00    0.000E+00    0.000E+00    0.000E+00    0.000E+00    0.000E+00
     0.500     0.850    0.337E-01    0.168E-02    0.257E-04    0.000E+00    0.000E+00    0.000E+00    0.000E+00    0.000E+00    0.000E+00    0.000E+00    0.000E+00
     0.500     0.860    0.279E-01    0.125E-02    0.804E-05    0.000E+00    0.000E+00    0.000E+00    0.000E+00    0.000E+00    0.000E+00    0.000E+00    0.000E+00
     0.500     0.870    0.228E-01    0.912E-03    0.000E+00    0.000E+00    0.000E+00    0.000E+00    0.000E+00    0.000E+00    0.000E+00    0.000E+00    0.000E+00
     0.500     0.880    0.182E-01    0.650E-03    0.000E+00    0.000E+00    0.000E+00    0.000E+00    0.000E+00    0.000E+00    0.000E+00    0.000E+00    0.000E+00
     0.500     0.890    0.143E-01    0.449E-03    0.000E+00    0.000E+00    0.000E+00    0.000E+00    0.000E+00    0.000E+00    0.000E+00    0.000E+00    0.000E+00
     0.500     0.900    0.109E-01    0.301E-03    0.000E+00    0.000E+00    0.000E+00    0.000E+00    0.000E+00    0.000E+00    0.000E+00    0.000E+00    0.000E+00
     0.500     0.910    0.810E-02    0.195E-03    0.000E+00    0.000E+00    0.000E+00    0.000E+00    0.000E+00    0.000E+00    0.000E+00    0.000E+00    0.000E+00
     0.500     0.920    0.579E-02    0.120E-03    0.000E+00    0.000E+00    0.000E+00    0.000E+00    0.000E+00    0.000E+00    0.000E+00    0.000E+00    0.000E+00
     0.500     0.930    0.395E-02    0.712E-04    0.000E+00    0.000E+00    0.000E+00    0.000E+00    0.000E+00    0.000E+00    0.000E+00    0.000E+00    0.000E+00
     0.500     0.940    0.253E-02    0.383E-04    0.000E+00    0.000E+00    0.000E+00    0.000E+00    0.000E+00    0.000E+00    0.000E+00    0.000E+00    0.000E+00
     0.500     0.950    0.147E-02    0.193E-04    0.000E+00    0.000E+00    0.000E+00    0.000E+00    0.000E+00    0.000E+00    0.000E+00    0.000E+00    0.000E+00
     0.500     0.960    0.689E-03    0.761E-05    0.000E+00    0.109E-06    0.109E-06    0.435E-07    0.435E-07    0.000E+00    0.000E+00    0.000E+00    0.000E+00
     0.500     0.970    0.167E-03    0.138E-05    0.000E+00    0.262E-06    0.262E-06    0.105E-06    0.105E-06    0.152E-11    0.152E-11    0.000E+00    0.000E+00
     0.500     0.980    0.000E+00    0.000E+00    0.239E-07    0.347E-06    0.347E-06    0.139E-06    0.139E-06    0.000E+00    0.000E+00    0.000E+00    0.000E+00
     0.500     0.990    0.000E+00    0.000E+00    0.144E-07    0.287E-06    0.287E-06    0.115E-06    0.115E-06    0.000E+00    0.000E+00    0.000E+00    0.000E+00

