     Q**2          x         u           d           g          ub          db          sb          s          cb          c          bb          b
     0.500     0.010    0.182E+00    0.147E+00    0.000E+00    0.787E-01    0.972E-01    0.000E+00    0.000E+00    0.000E+00    0.000E+00    0.000E+00    0.000E+00
     0.500     0.020    0.253E+00    0.215E+00    0.102E+00    0.849E-01    0.106E+00    0.000E+00    0.000E+00    0.000E+00    0.000E+00    0.000E+00    0.000E+00
     0.500     0.030    0.320E+00    0.273E+00    0.964E+00    0.948E-01    0.114E+00    0.000E+00    0.000E+00    0.000E+00    0.000E+00    0.000E+00    0.000E+00
     0.500     0.040    0.381E+00    0.320E+00    0.143E+01    0.104E+00    0.120E+00    0.585E-02    0.585E-02    0.000E+00    0.000E+00    0.000E+00    0.000E+00
     0.500     0.050    0.434E+00    0.358E+00    0.170E+01    0.109E+00    0.125E+00    0.145E-01    0.145E-01    0.000E+00    0.000E+00    0.000E+00    0.000E+00
     0.500     0.060    0.481E+00    0.388E+00    0.182E+01    0.111E+00    0.130E+00    0.210E-01    0.210E-01    0.000E+00    0.000E+00    0.000E+00    0.000E+00
     0.500     0.070    0.523E+00    0.413E+00    0.186E+01    0.110E+00    0.134E+00    0.259E-01    0.259E-01    0.000E+00    0.000E+00    0.000E+00    0.000E+00
     0.500     0.080    0.559E+00    0.433E+00    0.184E+01    0.107E+00    0.138E+00    0.295E-01    0.295E-01    0.000E+00    0.000E+00    0.000E+00    0.000E+00
     0.500     0.090    0.592E+00    0.449E+00    0.178E+01    0.103E+00    0.140E+00    0.319E-01    0.319E-01    0.000E+00    0.000E+00    0.000E+00    0.000E+00
     0.500     0.100    0.622E+00    0.461E+00    0.170E+01    0.976E-01    0.142E+00    0.335E-01    0.335E-01    0.000E+00    0.000E+00    0.000E+00    0.000E+00
     0.500     0.110    0.649E+00    0.470E+00    0.161E+01    0.921E-01    0.141E+00    0.343E-01    0.343E-01    0.000E+00    0.000E+00    0.000E+00    0.000E+00
     0.500     0.120    0.674E+00    0.477E+00    0.150E+01    0.867E-01    0.140E+00    0.345E-01    0.345E-01    0.000E+00    0.000E+00    0.000E+00    0.000E+00
     0.500     0.130    0.697E+00    0.481E+00    0.140E+01    0.815E-01    0.137E+00    0.343E-01    0.343E-01    0.000E+00    0.000E+00    0.000E+00    0.000E+00
     0.500     0.140    0.719E+00    0.483E+00    0.130E+01    0.767E-01    0.133E+00    0.337E-01    0.337E-01    0.000E+00    0.000E+00    0.000E+00    0.000E+00
     0.500     0.150    0.739E+00    0.483E+00    0.120E+01    0.723E-01    0.128E+00    0.329E-01    0.329E-01    0.000E+00    0.000E+00    0.000E+00    0.000E+00
     0.500     0.160    0.757E+00    0.483E+00    0.110E+01    0.682E-01    0.123E+00    0.318E-01    0.318E-01    0.000E+00    0.000E+00    0.000E+00    0.000E+00
     0.500     0.170    0.773E+00    0.481E+00    0.102E+01    0.645E-01    0.116E+00    0.305E-01    0.305E-01    0.000E+00    0.000E+00    0.000E+00    0.000E+00
     0.500     0.180    0.788E+00    0.478E+00    0.936E+00    0.611E-01    0.110E+00    0.291E-01    0.291E-01    0.000E+00    0.000E+00    0.000E+00    0.000E+00
     0.500     0.190    0.801E+00    0.475E+00    0.862E+00    0.579E-01    0.103E+00    0.277E-01    0.277E-01    0.000E+00    0.000E+00    0.000E+00    0.000E+00
     0.500     0.200    0.812E+00    0.471E+00    0.795E+00    0.550E-01    0.959E-01    0.261E-01    0.261E-01    0.000E+00    0.000E+00    0.000E+00    0.000E+00
     0.500     0.210    0.822E+00    0.467E+00    0.735E+00    0.522E-01    0.890E-01    0.246E-01    0.246E-01    0.000E+00    0.000E+00    0.000E+00    0.000E+00
     0.500     0.220    0.829E+00    0.462E+00    0.681E+00    0.495E-01    0.822E-01    0.231E-01    0.231E-01    0.000E+00    0.000E+00    0.000E+00    0.000E+00
     0.500     0.230    0.835E+00    0.456E+00    0.632E+00    0.469E-01    0.755E-01    0.216E-01    0.216E-01    0.000E+00    0.000E+00    0.000E+00    0.000E+00
     0.500     0.240    0.840E+00    0.450E+00    0.589E+00    0.445E-01    0.692E-01    0.201E-01    0.201E-01    0.000E+00    0.000E+00    0.000E+00    0.000E+00
     0.500     0.250    0.842E+00    0.444E+00    0.551E+00    0.420E-01    0.631E-01    0.186E-01    0.186E-01    0.000E+00    0.000E+00    0.000E+00    0.000E+00
     0.500     0.260    0.843E+00    0.437E+00    0.517E+00    0.396E-01    0.574E-01    0.172E-01    0.172E-01    0.000E+00    0.000E+00    0.000E+00    0.000E+00
     0.500     0.270    0.842E+00    0.430E+00    0.487E+00    0.373E-01    0.521E-01    0.159E-01    0.159E-01    0.000E+00    0.000E+00    0.000E+00    0.000E+00
     0.500     0.280    0.840E+00    0.422E+00    0.460E+00    0.349E-01    0.471E-01    0.146E-01    0.146E-01    0.000E+00    0.000E+00    0.000E+00    0.000E+00
     0.500     0.290    0.836E+00    0.414E+00    0.435E+00    0.326E-01    0.425E-01    0.134E-01    0.134E-01    0.000E+00    0.000E+00    0.000E+00    0.000E+00
     0.500     0.300    0.830E+00    0.405E+00    0.414E+00    0.304E-01    0.383E-01    0.123E-01    0.123E-01    0.000E+00    0.000E+00    0.000E+00    0.000E+00
     0.500     0.310    0.823E+00    0.396E+00    0.394E+00    0.282E-01    0.344E-01    0.112E-01    0.112E-01    0.000E+00    0.000E+00    0.000E+00    0.000E+00
     0.500     0.320    0.815E+00    0.386E+00    0.376E+00    0.260E-01    0.309E-01    0.102E-01    0.102E-01    0.000E+00    0.000E+00    0.000E+00    0.000E+00
     0.500     0.330    0.806E+00    0.376E+00    0.359E+00    0.239E-01    0.277E-01    0.924E-02    0.924E-02    0.000E+00    0.000E+00    0.000E+00    0.000E+00
     0.500     0.340    0.795E+00    0.365E+00    0.344E+00    0.219E-01    0.248E-01    0.837E-02    0.837E-02    0.000E+00    0.000E+00    0.000E+00    0.000E+00
     0.500     0.350    0.783E+00    0.354E+00    0.329E+00    0.200E-01    0.222E-01    0.756E-02    0.756E-02    0.000E+00    0.000E+00    0.000E+00    0.000E+00
     0.500     0.360    0.770E+00    0.343E+00    0.316E+00    0.182E-01    0.198E-01    0.681E-02    0.681E-02    0.000E+00    0.000E+00    0.000E+00    0.000E+00
     0.500     0.370    0.756E+00    0.331E+00    0.302E+00    0.165E-01    0.177E-01    0.612E-02    0.612E-02    0.000E+00    0.000E+00    0.000E+00    0.000E+00
     0.500     0.380    0.742E+00    0.318E+00    0.289E+00    0.148E-01    0.157E-01    0.548E-02    0.548E-02    0.000E+00    0.000E+00    0.000E+00    0.000E+00
     0.500     0.390    0.726E+00    0.306E+00    0.277E+00    0.133E-01    0.140E-01    0.490E-02    0.490E-02    0.000E+00    0.000E+00    0.000E+00    0.000E+00
     0.500     0.400    0.710E+00    0.293E+00    0.265E+00    0.120E-01    0.124E-01    0.437E-02    0.437E-02    0.000E+00    0.000E+00    0.000E+00    0.000E+00
     0.500     0.410    0.693E+00    0.280E+00    0.253E+00    0.107E-01    0.110E-01    0.388E-02    0.388E-02    0.000E+00    0.000E+00    0.000E+00    0.000E+00
     0.500     0.420    0.675E+00    0.267E+00    0.241E+00    0.948E-02    0.970E-02    0.344E-02    0.344E-02    0.000E+00    0.000E+00    0.000E+00    0.000E+00
     0.500     0.430    0.657E+00    0.254E+00    0.229E+00    0.840E-02    0.855E-02    0.305E-02    0.305E-02    0.000E+00    0.000E+00    0.000E+00    0.000E+00
     0.500     0.440    0.638E+00    0.241E+00    0.217E+00    0.742E-02    0.752E-02    0.269E-02    0.269E-02    0.000E+00    0.000E+00    0.000E+00    0.000E+00
     0.500     0.450    0.619E+00    0.228E+00    0.206E+00    0.653E-02    0.660E-02    0.236E-02    0.236E-02    0.000E+00    0.000E+00    0.000E+00    0.000E+00
     0.500     0.460    0.599E+00    0.215E+00    0.194E+00    0.573E-02    0.578E-02    0.207E-02    0.207E-02    0.000E+00    0.000E+00    0.000E+00    0.000E+00
     0.500     0.470    0.579E+00    0.202E+00    0.183E+00    0.501E-02    0.504E-02    0.181E-02    0.181E-02    0.000E+00    0.000E+00    0.000E+00    0.000E+00
     0.500     0.480    0.559E+00    0.190E+00    0.172E+00    0.437E-02    0.439E-02    0.158E-02    0.158E-02    0.000E+00    0.000E+00    0.000E+00    0.000E+00
     0.500     0.490    0.538E+00    0.177E+00    0.161E+00    0.379E-02    0.381E-02    0.137E-02    0.137E-02    0.000E+00    0.000E+00    0.000E+00    0.000E+00
     0.500     0.500    0.518E+00    0.166E+00    0.150E+00    0.328E-02    0.329E-02    0.119E-02    0.119E-02    0.000E+00    0.000E+00    0.000E+00    0.000E+00
     0.500     0.510    0.497E+00    0.154E+00    0.139E+00    0.283E-02    0.284E-02    0.103E-02    0.103E-02    0.000E+00    0.000E+00    0.000E+00    0.000E+00
     0.500     0.520    0.476E+00    0.143E+00    0.129E+00    0.243E-02    0.244E-02    0.883E-03    0.883E-03    0.000E+00    0.000E+00    0.000E+00    0.000E+00
     0.500     0.530    0.456E+00    0.132E+00    0.119E+00    0.208E-02    0.208E-02    0.757E-03    0.757E-03    0.000E+00    0.000E+00    0.000E+00    0.000E+00
     0.500     0.540    0.435E+00    0.121E+00    0.110E+00    0.178E-02    0.178E-02    0.647E-03    0.647E-03    0.000E+00    0.000E+00    0.000E+00    0.000E+00
     0.500     0.550    0.414E+00    0.112E+00    0.100E+00    0.151E-02    0.151E-02    0.550E-03    0.550E-03    0.000E+00    0.000E+00    0.000E+00    0.000E+00
     0.500     0.560    0.394E+00    0.102E+00    0.917E-01    0.127E-02    0.128E-02    0.467E-03    0.467E-03    0.000E+00    0.000E+00    0.000E+00    0.000E+00
     0.500     0.570    0.374E+00    0.932E-01    0.834E-01    0.107E-02    0.107E-02    0.394E-03    0.394E-03    0.000E+00    0.000E+00    0.000E+00    0.000E+00
     0.500     0.580    0.354E+00    0.847E-01    0.754E-01    0.900E-03    0.900E-03    0.331E-03    0.331E-03    0.000E+00    0.000E+00    0.000E+00    0.000E+00
     0.500     0.590    0.334E+00    0.768E-01    0.679E-01    0.751E-03    0.751E-03    0.277E-03    0.277E-03    0.000E+00    0.000E+00    0.000E+00    0.000E+00
     0.500     0.600    0.315E+00    0.693E-01    0.609E-01    0.623E-03    0.623E-03    0.231E-03    0.231E-03    0.000E+00    0.000E+00    0.000E+00    0.000E+00
     0.500     0.610    0.296E+00    0.624E-01    0.543E-01    0.515E-03    0.515E-03    0.192E-03    0.192E-03    0.000E+00    0.000E+00    0.000E+00    0.000E+00
     0.500     0.620    0.278E+00    0.560E-01    0.482E-01    0.423E-03    0.423E-03    0.158E-03    0.158E-03    0.000E+00    0.000E+00    0.000E+00    0.000E+00
     0.500     0.630    0.260E+00    0.500E-01    0.426E-01    0.346E-03    0.346E-03    0.130E-03    0.130E-03    0.000E+00    0.000E+00    0.000E+00    0.000E+00
     0.500     0.640    0.242E+00    0.445E-01    0.374E-01    0.280E-03    0.280E-03    0.106E-03    0.106E-03    0.000E+00    0.000E+00    0.000E+00    0.000E+00
     0.500     0.650    0.225E+00    0.395E-01    0.326E-01    0.226E-03    0.226E-03    0.861E-04    0.861E-04    0.000E+00    0.000E+00    0.000E+00    0.000E+00
     0.500     0.660    0.209E+00    0.349E-01    0.283E-01    0.181E-03    0.181E-03    0.695E-04    0.695E-04    0.000E+00    0.000E+00    0.000E+00    0.000E+00
     0.500     0.670    0.193E+00    0.308E-01    0.244E-01    0.145E-03    0.145E-03    0.557E-04    0.557E-04    0.000E+00    0.000E+00    0.000E+00    0.000E+00
     0.500     0.680    0.177E+00    0.270E-01    0.209E-01    0.114E-03    0.114E-03    0.444E-04    0.444E-04    0.000E+00    0.000E+00    0.000E+00    0.000E+00
     0.500     0.690    0.163E+00    0.236E-01    0.178E-01    0.896E-04    0.896E-04    0.351E-04    0.351E-04    0.000E+00    0.000E+00    0.000E+00    0.000E+00
     0.500     0.700    0.149E+00    0.205E-01    0.150E-01    0.697E-04    0.697E-04    0.275E-04    0.275E-04    0.000E+00    0.000E+00    0.000E+00    0.000E+00
     0.500     0.710    0.135E+00    0.178E-01    0.126E-01    0.537E-04    0.537E-04    0.214E-04    0.214E-04    0.000E+00    0.000E+00    0.000E+00    0.000E+00
     0.500     0.720    0.123E+00    0.154E-01    0.104E-01    0.411E-04    0.411E-04    0.165E-04    0.165E-04    0.000E+00    0.000E+00    0.000E+00    0.000E+00
     0.500     0.730    0.111E+00    0.132E-01    0.857E-02    0.310E-04    0.310E-04    0.126E-04    0.126E-04    0.476E-07    0.476E-07    0.000E+00    0.000E+00
     0.500     0.740    0.993E-01    0.113E-01    0.697E-02    0.232E-04    0.232E-04    0.956E-05    0.956E-05    0.197E-07    0.197E-07    0.000E+00    0.000E+00
     0.500     0.750    0.887E-01    0.964E-02    0.562E-02    0.171E-04    0.171E-04    0.716E-05    0.716E-05    0.000E+00    0.000E+00    0.000E+00    0.000E+00
     0.500     0.760    0.787E-01    0.819E-02    0.447E-02    0.125E-04    0.125E-04    0.530E-05    0.530E-05    0.000E+00    0.000E+00    0.000E+00    0.000E+00
     0.500     0.770    0.695E-01    0.692E-02    0.352E-02    0.902E-05    0.902E-05    0.388E-05    0.388E-05    0.000E+00    0.000E+00    0.000E+00    0.000E+00
     0.500     0.780    0.609E-01    0.582E-02    0.273E-02    0.639E-05    0.639E-05    0.279E-05    0.279E-05    0.000E+00    0.000E+00    0.000E+00    0.000E+00
     0.500     0.790    0.530E-01    0.488E-02    0.209E-02    0.448E-05    0.448E-05    0.199E-05    0.199E-05    0.000E+00    0.000E+00    0.000E+00    0.000E+00
     0.500     0.800    0.457E-01    0.406E-02    0.157E-02    0.306E-05    0.306E-05    0.139E-05    0.139E-05    0.000E+00    0.000E+00    0.000E+00    0.000E+00
     0.500     0.810    0.391E-01    0.336E-02    0.116E-02    0.207E-05    0.207E-05    0.956E-06    0.956E-06    0.000E+00    0.000E+00    0.000E+00    0.000E+00
     0.500     0.820    0.331E-01    0.277E-02    0.838E-03    0.136E-05    0.136E-05    0.643E-06    0.643E-06    0.000E+00    0.000E+00    0.000E+00    0.000E+00
     0.500     0.830    0.278E-01    0.226E-02    0.593E-03    0.872E-06    0.872E-06    0.423E-06    0.423E-06    0.000E+00    0.000E+00    0.000E+00    0.000E+00
     0.500     0.840    0.230E-01    0.183E-02    0.408E-03    0.549E-06    0.549E-06    0.273E-06    0.273E-06    0.000E+00    0.000E+00    0.000E+00    0.000E+00
     0.500     0.850    0.188E-01    0.147E-02    0.272E-03    0.330E-06    0.330E-06    0.170E-06    0.170E-06    0.000E+00    0.000E+00    0.000E+00    0.000E+00
     0.500     0.860    0.151E-01    0.117E-02    0.177E-03    0.198E-06    0.198E-06    0.105E-06    0.105E-06    0.000E+00    0.000E+00    0.000E+00    0.000E+00
     0.500     0.870    0.119E-01    0.912E-03    0.108E-03    0.108E-06    0.108E-06    0.598E-07    0.598E-07    0.000E+00    0.000E+00    0.000E+00    0.000E+00
     0.500     0.880    0.924E-02    0.703E-03    0.640E-04    0.597E-07    0.597E-07    0.341E-07    0.341E-07    0.000E+00    0.000E+00    0.000E+00    0.000E+00
     0.500     0.890    0.698E-02    0.530E-03    0.348E-04    0.297E-07    0.297E-07    0.178E-07    0.178E-07    0.000E+00    0.000E+00    0.000E+00    0.000E+00
     0.500     0.900    0.512E-02    0.390E-03    0.175E-04    0.138E-07    0.138E-07    0.878E-08    0.878E-08    0.000E+00    0.000E+00    0.000E+00    0.000E+00
     0.500     0.910    0.363E-02    0.278E-03    0.786E-05    0.634E-08    0.634E-08    0.414E-08    0.414E-08    0.000E+00    0.000E+00    0.000E+00    0.000E+00
     0.500     0.920    0.247E-02    0.190E-03    0.254E-05    0.200E-08    0.200E-08    0.135E-08    0.135E-08    0.000E+00    0.000E+00    0.000E+00    0.000E+00
     0.500     0.930    0.159E-02    0.124E-03    0.729E-06    0.952E-09    0.952E-09    0.437E-09    0.437E-09    0.000E+00    0.000E+00    0.000E+00    0.000E+00
     0.500     0.940    0.950E-03    0.753E-04    0.000E+00    0.190E-10    0.190E-10    0.000E+00    0.000E+00    0.000E+00    0.000E+00    0.000E+00    0.000E+00
     0.500     0.950    0.512E-03    0.413E-04    0.000E+00    0.000E+00    0.000E+00    0.000E+00    0.000E+00    0.000E+00    0.000E+00    0.000E+00    0.000E+00
     0.500     0.960    0.220E-03    0.181E-04    0.000E+00    0.000E+00    0.000E+00    0.000E+00    0.000E+00    0.000E+00    0.000E+00    0.000E+00    0.000E+00
     0.500     0.970    0.476E-04    0.403E-05    0.000E+00    0.000E+00    0.000E+00    0.000E+00    0.000E+00    0.000E+00    0.000E+00    0.000E+00    0.000E+00
     0.500     0.980    0.000E+00    0.000E+00    0.780E-07    0.416E-10    0.416E-10    0.223E-10    0.223E-10    0.000E+00    0.000E+00    0.000E+00    0.000E+00
     0.500     0.990    0.000E+00    0.000E+00    0.146E-06    0.836E-10    0.836E-10    0.418E-10    0.418E-10    0.000E+00    0.000E+00    0.000E+00    0.000E+00

