     Q**2          x         u           d           g          ub          db          sb          s          cb          c          bb          b
     0.500     0.010    0.291E+00    0.265E+00    0.000E+00    0.175E+00    0.197E+00    0.330E-01    0.330E-01    0.000E+00    0.000E+00    0.000E+00    0.000E+00
     0.500     0.020    0.309E+00    0.289E+00    0.000E+00    0.150E+00    0.172E+00    0.288E-01    0.288E-01    0.000E+00    0.000E+00    0.000E+00    0.000E+00
     0.500     0.030    0.333E+00    0.310E+00    0.000E+00    0.137E+00    0.154E+00    0.266E-01    0.266E-01    0.000E+00    0.000E+00    0.000E+00    0.000E+00
     0.500     0.040    0.361E+00    0.327E+00    0.302E+00    0.129E+00    0.141E+00    0.253E-01    0.253E-01    0.000E+00    0.000E+00    0.000E+00    0.000E+00
     0.500     0.050    0.387E+00    0.342E+00    0.572E+00    0.122E+00    0.132E+00    0.244E-01    0.244E-01    0.000E+00    0.000E+00    0.000E+00    0.000E+00
     0.500     0.060    0.414E+00    0.356E+00    0.779E+00    0.114E+00    0.125E+00    0.237E-01    0.237E-01    0.000E+00    0.000E+00    0.000E+00    0.000E+00
     0.500     0.070    0.439E+00    0.368E+00    0.946E+00    0.107E+00    0.120E+00    0.231E-01    0.231E-01    0.000E+00    0.000E+00    0.000E+00    0.000E+00
     0.500     0.080    0.463E+00    0.379E+00    0.108E+01    0.988E-01    0.116E+00    0.226E-01    0.226E-01    0.000E+00    0.000E+00    0.000E+00    0.000E+00
     0.500     0.090    0.486E+00    0.389E+00    0.119E+01    0.913E-01    0.114E+00    0.222E-01    0.222E-01    0.000E+00    0.000E+00    0.000E+00    0.000E+00
     0.500     0.100    0.509E+00    0.398E+00    0.127E+01    0.842E-01    0.111E+00    0.218E-01    0.218E-01    0.000E+00    0.000E+00    0.000E+00    0.000E+00
     0.500     0.110    0.532E+00    0.405E+00    0.133E+01    0.777E-01    0.109E+00    0.214E-01    0.214E-01    0.000E+00    0.000E+00    0.000E+00    0.000E+00
     0.500     0.120    0.554E+00    0.412E+00    0.138E+01    0.718E-01    0.106E+00    0.211E-01    0.211E-01    0.000E+00    0.000E+00    0.000E+00    0.000E+00
     0.500     0.130    0.576E+00    0.417E+00    0.140E+01    0.667E-01    0.104E+00    0.207E-01    0.207E-01    0.000E+00    0.000E+00    0.000E+00    0.000E+00
     0.500     0.140    0.597E+00    0.421E+00    0.142E+01    0.622E-01    0.101E+00    0.203E-01    0.203E-01    0.000E+00    0.000E+00    0.000E+00    0.000E+00
     0.500     0.150    0.618E+00    0.424E+00    0.142E+01    0.583E-01    0.974E-01    0.200E-01    0.200E-01    0.000E+00    0.000E+00    0.000E+00    0.000E+00
     0.500     0.160    0.637E+00    0.426E+00    0.141E+01    0.550E-01    0.939E-01    0.196E-01    0.196E-01    0.000E+00    0.000E+00    0.000E+00    0.000E+00
     0.500     0.170    0.656E+00    0.428E+00    0.139E+01    0.522E-01    0.901E-01    0.192E-01    0.192E-01    0.000E+00    0.000E+00    0.000E+00    0.000E+00
     0.500     0.180    0.674E+00    0.428E+00    0.137E+01    0.498E-01    0.863E-01    0.187E-01    0.187E-01    0.000E+00    0.000E+00    0.000E+00    0.000E+00
     0.500     0.190    0.691E+00    0.428E+00    0.133E+01    0.477E-01    0.823E-01    0.183E-01    0.183E-01    0.000E+00    0.000E+00    0.000E+00    0.000E+00
     0.500     0.200    0.706E+00    0.427E+00    0.129E+01    0.459E-01    0.782E-01    0.178E-01    0.178E-01    0.000E+00    0.000E+00    0.000E+00    0.000E+00
     0.500     0.210    0.720E+00    0.426E+00    0.125E+01    0.442E-01    0.742E-01    0.174E-01    0.174E-01    0.000E+00    0.000E+00    0.000E+00    0.000E+00
     0.500     0.220    0.733E+00    0.423E+00    0.120E+01    0.428E-01    0.701E-01    0.169E-01    0.169E-01    0.000E+00    0.000E+00    0.000E+00    0.000E+00
     0.500     0.230    0.744E+00    0.421E+00    0.115E+01    0.415E-01    0.662E-01    0.164E-01    0.164E-01    0.000E+00    0.000E+00    0.000E+00    0.000E+00
     0.500     0.240    0.754E+00    0.417E+00    0.110E+01    0.402E-01    0.623E-01    0.159E-01    0.159E-01    0.000E+00    0.000E+00    0.000E+00    0.000E+00
     0.500     0.250    0.763E+00    0.413E+00    0.105E+01    0.390E-01    0.585E-01    0.153E-01    0.153E-01    0.000E+00    0.000E+00    0.000E+00    0.000E+00
     0.500     0.260    0.770E+00    0.409E+00    0.992E+00    0.379E-01    0.549E-01    0.148E-01    0.148E-01    0.000E+00    0.000E+00    0.000E+00    0.000E+00
     0.500     0.270    0.775E+00    0.404E+00    0.937E+00    0.367E-01    0.514E-01    0.143E-01    0.143E-01    0.000E+00    0.000E+00    0.000E+00    0.000E+00
     0.500     0.280    0.779E+00    0.398E+00    0.882E+00    0.355E-01    0.481E-01    0.137E-01    0.137E-01    0.000E+00    0.000E+00    0.000E+00    0.000E+00
     0.500     0.290    0.782E+00    0.392E+00    0.827E+00    0.343E-01    0.449E-01    0.132E-01    0.132E-01    0.000E+00    0.000E+00    0.000E+00    0.000E+00
     0.500     0.300    0.783E+00    0.385E+00    0.774E+00    0.331E-01    0.420E-01    0.126E-01    0.126E-01    0.000E+00    0.000E+00    0.000E+00    0.000E+00
     0.500     0.310    0.783E+00    0.378E+00    0.721E+00    0.318E-01    0.392E-01    0.121E-01    0.121E-01    0.000E+00    0.000E+00    0.000E+00    0.000E+00
     0.500     0.320    0.781E+00    0.371E+00    0.670E+00    0.305E-01    0.366E-01    0.116E-01    0.116E-01    0.000E+00    0.000E+00    0.000E+00    0.000E+00
     0.500     0.330    0.778E+00    0.363E+00    0.621E+00    0.292E-01    0.341E-01    0.110E-01    0.110E-01    0.000E+00    0.000E+00    0.000E+00    0.000E+00
     0.500     0.340    0.774E+00    0.355E+00    0.573E+00    0.279E-01    0.318E-01    0.105E-01    0.105E-01    0.000E+00    0.000E+00    0.000E+00    0.000E+00
     0.500     0.350    0.768E+00    0.346E+00    0.528E+00    0.266E-01    0.297E-01    0.996E-02    0.996E-02    0.000E+00    0.000E+00    0.000E+00    0.000E+00
     0.500     0.360    0.761E+00    0.337E+00    0.485E+00    0.252E-01    0.276E-01    0.945E-02    0.945E-02    0.000E+00    0.000E+00    0.000E+00    0.000E+00
     0.500     0.370    0.753E+00    0.327E+00    0.443E+00    0.239E-01    0.258E-01    0.894E-02    0.894E-02    0.000E+00    0.000E+00    0.000E+00    0.000E+00
     0.500     0.380    0.744E+00    0.317E+00    0.405E+00    0.226E-01    0.240E-01    0.845E-02    0.845E-02    0.000E+00    0.000E+00    0.000E+00    0.000E+00
     0.500     0.390    0.734E+00    0.307E+00    0.368E+00    0.213E-01    0.224E-01    0.797E-02    0.797E-02    0.000E+00    0.000E+00    0.000E+00    0.000E+00
     0.500     0.400    0.723E+00    0.297E+00    0.334E+00    0.200E-01    0.208E-01    0.750E-02    0.750E-02    0.000E+00    0.000E+00    0.000E+00    0.000E+00
     0.500     0.410    0.711E+00    0.286E+00    0.301E+00    0.187E-01    0.193E-01    0.705E-02    0.705E-02    0.000E+00    0.000E+00    0.000E+00    0.000E+00
     0.500     0.420    0.698E+00    0.275E+00    0.271E+00    0.175E-01    0.180E-01    0.661E-02    0.661E-02    0.000E+00    0.000E+00    0.000E+00    0.000E+00
     0.500     0.430    0.684E+00    0.264E+00    0.244E+00    0.164E-01    0.167E-01    0.618E-02    0.618E-02    0.000E+00    0.000E+00    0.000E+00    0.000E+00
     0.500     0.440    0.670E+00    0.253E+00    0.218E+00    0.152E-01    0.155E-01    0.577E-02    0.577E-02    0.000E+00    0.000E+00    0.000E+00    0.000E+00
     0.500     0.450    0.654E+00    0.242E+00    0.194E+00    0.141E-01    0.143E-01    0.538E-02    0.538E-02    0.000E+00    0.000E+00    0.000E+00    0.000E+00
     0.500     0.460    0.639E+00    0.231E+00    0.173E+00    0.131E-01    0.132E-01    0.500E-02    0.500E-02    0.000E+00    0.000E+00    0.000E+00    0.000E+00
     0.500     0.470    0.622E+00    0.220E+00    0.153E+00    0.121E-01    0.122E-01    0.464E-02    0.464E-02    0.000E+00    0.000E+00    0.000E+00    0.000E+00
     0.500     0.480    0.605E+00    0.209E+00    0.135E+00    0.112E-01    0.113E-01    0.430E-02    0.430E-02    0.000E+00    0.000E+00    0.000E+00    0.000E+00
     0.500     0.490    0.588E+00    0.198E+00    0.118E+00    0.103E-01    0.104E-01    0.397E-02    0.397E-02    0.000E+00    0.000E+00    0.000E+00    0.000E+00
     0.500     0.500    0.570E+00    0.187E+00    0.104E+00    0.947E-02    0.950E-02    0.365E-02    0.365E-02    0.000E+00    0.000E+00    0.000E+00    0.000E+00
     0.500     0.510    0.551E+00    0.176E+00    0.902E-01    0.868E-02    0.870E-02    0.336E-02    0.336E-02    0.000E+00    0.000E+00    0.000E+00    0.000E+00
     0.500     0.520    0.533E+00    0.165E+00    0.782E-01    0.793E-02    0.795E-02    0.308E-02    0.308E-02    0.000E+00    0.000E+00    0.000E+00    0.000E+00
     0.500     0.530    0.514E+00    0.155E+00    0.675E-01    0.723E-02    0.724E-02    0.281E-02    0.281E-02    0.000E+00    0.000E+00    0.000E+00    0.000E+00
     0.500     0.540    0.495E+00    0.145E+00    0.580E-01    0.658E-02    0.658E-02    0.256E-02    0.256E-02    0.000E+00    0.000E+00    0.000E+00    0.000E+00
     0.500     0.550    0.475E+00    0.135E+00    0.496E-01    0.596E-02    0.596E-02    0.233E-02    0.233E-02    0.000E+00    0.000E+00    0.000E+00    0.000E+00
     0.500     0.560    0.456E+00    0.125E+00    0.421E-01    0.539E-02    0.539E-02    0.211E-02    0.211E-02    0.000E+00    0.000E+00    0.000E+00    0.000E+00
     0.500     0.570    0.437E+00    0.116E+00    0.356E-01    0.485E-02    0.485E-02    0.190E-02    0.190E-02    0.000E+00    0.000E+00    0.000E+00    0.000E+00
     0.500     0.580    0.417E+00    0.107E+00    0.299E-01    0.436E-02    0.436E-02    0.171E-02    0.171E-02    0.000E+00    0.000E+00    0.000E+00    0.000E+00
     0.500     0.590    0.398E+00    0.987E-01    0.250E-01    0.390E-02    0.390E-02    0.153E-02    0.153E-02    0.000E+00    0.000E+00    0.000E+00    0.000E+00
     0.500     0.600    0.379E+00    0.905E-01    0.207E-01    0.347E-02    0.347E-02    0.137E-02    0.137E-02    0.000E+00    0.000E+00    0.000E+00    0.000E+00
     0.500     0.610    0.359E+00    0.827E-01    0.170E-01    0.308E-02    0.308E-02    0.121E-02    0.121E-02    0.000E+00    0.000E+00    0.000E+00    0.000E+00
     0.500     0.620    0.340E+00    0.753E-01    0.139E-01    0.272E-02    0.272E-02    0.107E-02    0.107E-02    0.000E+00    0.000E+00    0.000E+00    0.000E+00
     0.500     0.630    0.322E+00    0.683E-01    0.112E-01    0.239E-02    0.239E-02    0.944E-03    0.944E-03    0.000E+00    0.000E+00    0.000E+00    0.000E+00
     0.500     0.640    0.303E+00    0.617E-01    0.897E-02    0.208E-02    0.208E-02    0.825E-03    0.825E-03    0.000E+00    0.000E+00    0.000E+00    0.000E+00
     0.500     0.650    0.285E+00    0.555E-01    0.710E-02    0.181E-02    0.181E-02    0.717E-03    0.717E-03    0.000E+00    0.000E+00    0.000E+00    0.000E+00
     0.500     0.660    0.267E+00    0.497E-01    0.555E-02    0.156E-02    0.156E-02    0.619E-03    0.619E-03    0.000E+00    0.000E+00    0.000E+00    0.000E+00
     0.500     0.670    0.250E+00    0.443E-01    0.427E-02    0.133E-02    0.133E-02    0.530E-03    0.530E-03    0.000E+00    0.000E+00    0.000E+00    0.000E+00
     0.500     0.680    0.233E+00    0.393E-01    0.323E-02    0.113E-02    0.113E-02    0.450E-03    0.450E-03    0.000E+00    0.000E+00    0.000E+00    0.000E+00
     0.500     0.690    0.216E+00    0.347E-01    0.239E-02    0.951E-03    0.951E-03    0.378E-03    0.378E-03    0.000E+00    0.000E+00    0.000E+00    0.000E+00
     0.500     0.700    0.200E+00    0.305E-01    0.173E-02    0.790E-03    0.790E-03    0.314E-03    0.314E-03    0.000E+00    0.000E+00    0.000E+00    0.000E+00
     0.500     0.710    0.185E+00    0.266E-01    0.120E-02    0.647E-03    0.647E-03    0.257E-03    0.257E-03    0.000E+00    0.000E+00    0.000E+00    0.000E+00
     0.500     0.720    0.170E+00    0.231E-01    0.805E-03    0.522E-03    0.522E-03    0.208E-03    0.208E-03    0.000E+00    0.000E+00    0.000E+00    0.000E+00
     0.500     0.730    0.155E+00    0.199E-01    0.498E-03    0.412E-03    0.412E-03    0.164E-03    0.164E-03    0.000E+00    0.000E+00    0.000E+00    0.000E+00
     0.500     0.740    0.142E+00    0.170E-01    0.274E-03    0.318E-03    0.318E-03    0.126E-03    0.126E-03    0.000E+00    0.000E+00    0.000E+00    0.000E+00
     0.500     0.750    0.128E+00    0.144E-01    0.113E-03    0.237E-03    0.237E-03    0.944E-04    0.944E-04    0.000E+00    0.000E+00    0.000E+00    0.000E+00
     0.500     0.760    0.116E+00    0.122E-01    0.220E-05    0.169E-03    0.169E-03    0.671E-04    0.671E-04    0.000E+00    0.000E+00    0.000E+00    0.000E+00
     0.500     0.770    0.104E+00    0.102E-01    0.000E+00    0.109E-03    0.109E-03    0.432E-04    0.432E-04    0.000E+00    0.000E+00    0.000E+00    0.000E+00
     0.500     0.780    0.929E-01    0.842E-02    0.000E+00    0.558E-04    0.558E-04    0.222E-04    0.222E-04    0.000E+00    0.000E+00    0.000E+00    0.000E+00
     0.500     0.790    0.823E-01    0.690E-02    0.000E+00    0.171E-04    0.171E-04    0.684E-05    0.684E-05    0.000E+00    0.000E+00    0.000E+00    0.000E+00
     0.500     0.800    0.725E-01    0.560E-02    0.000E+00    0.258E-05    0.258E-05    0.105E-05    0.105E-05    0.000E+00    0.000E+00    0.000E+00    0.000E+00
     0.500     0.810    0.634E-01    0.451E-02    0.000E+00    0.000E+00    0.000E+00    0.000E+00    0.000E+00    0.000E+00    0.000E+00    0.000E+00    0.000E+00
     0.500     0.820    0.549E-01    0.358E-02    0.000E+00    0.000E+00    0.000E+00    0.000E+00    0.000E+00    0.000E+00    0.000E+00    0.000E+00    0.000E+00
     0.500     0.830    0.471E-01    0.281E-02    0.000E+00    0.000E+00    0.000E+00    0.000E+00    0.000E+00    0.000E+00    0.000E+00    0.000E+00    0.000E+00
     0.500     0.840    0.400E-01    0.217E-02    0.000E+00    0.000E+00    0.000E+00    0.000E+00    0.000E+00    0.000E+00    0.000E+00    0.000E+00    0.000E+00
     0.500     0.850    0.336E-01    0.165E-02    0.000E+00    0.000E+00    0.000E+00    0.000E+00    0.000E+00    0.000E+00    0.000E+00    0.000E+00    0.000E+00
     0.500     0.860    0.278E-01    0.124E-02    0.000E+00    0.000E+00    0.000E+00    0.000E+00    0.000E+00    0.000E+00    0.000E+00    0.000E+00    0.000E+00
     0.500     0.870    0.227E-01    0.904E-03    0.000E+00    0.000E+00    0.000E+00    0.000E+00    0.000E+00    0.000E+00    0.000E+00    0.000E+00    0.000E+00
     0.500     0.880    0.181E-01    0.648E-03    0.000E+00    0.000E+00    0.000E+00    0.000E+00    0.000E+00    0.000E+00    0.000E+00    0.000E+00    0.000E+00
     0.500     0.890    0.142E-01    0.451E-03    0.000E+00    0.000E+00    0.000E+00    0.000E+00    0.000E+00    0.000E+00    0.000E+00    0.000E+00    0.000E+00
     0.500     0.900    0.109E-01    0.306E-03    0.000E+00    0.000E+00    0.000E+00    0.000E+00    0.000E+00    0.000E+00    0.000E+00    0.000E+00    0.000E+00
     0.500     0.910    0.806E-02    0.201E-03    0.000E+00    0.000E+00    0.000E+00    0.000E+00    0.000E+00    0.000E+00    0.000E+00    0.000E+00    0.000E+00
     0.500     0.920    0.576E-02    0.126E-03    0.000E+00    0.000E+00    0.000E+00    0.000E+00    0.000E+00    0.000E+00    0.000E+00    0.000E+00    0.000E+00
     0.500     0.930    0.393E-02    0.762E-04    0.000E+00    0.000E+00    0.000E+00    0.000E+00    0.000E+00    0.000E+00    0.000E+00    0.000E+00    0.000E+00
     0.500     0.940    0.251E-02    0.423E-04    0.000E+00    0.000E+00    0.000E+00    0.000E+00    0.000E+00    0.000E+00    0.000E+00    0.000E+00    0.000E+00
     0.500     0.950    0.146E-02    0.220E-04    0.000E+00    0.000E+00    0.000E+00    0.000E+00    0.000E+00    0.000E+00    0.000E+00    0.000E+00    0.000E+00
     0.500     0.960    0.684E-03    0.907E-05    0.000E+00    0.918E-07    0.918E-07    0.367E-07    0.367E-07    0.000E+00    0.000E+00    0.000E+00    0.000E+00
     0.500     0.970    0.165E-03    0.179E-05    0.000E+00    0.221E-06    0.221E-06    0.882E-07    0.882E-07    0.107E-11    0.107E-11    0.000E+00    0.000E+00
     0.500     0.980    0.000E+00    0.000E+00    0.952E-09    0.293E-06    0.293E-06    0.117E-06    0.117E-06    0.000E+00    0.000E+00    0.000E+00    0.000E+00
     0.500     0.990    0.000E+00    0.000E+00    0.000E+00    0.242E-06    0.242E-06    0.969E-07    0.969E-07    0.000E+00    0.000E+00    0.000E+00    0.000E+00

