     Q**2          x         u           d           g          ub          db          sb          s          cb          c          bb          b
     0.500     0.010    0.181E+00    0.147E+00    0.000E+00    0.784E-01    0.968E-01    0.000E+00    0.000E+00    0.000E+00    0.000E+00    0.000E+00    0.000E+00
     0.500     0.020    0.253E+00    0.215E+00    0.101E+00    0.845E-01    0.106E+00    0.000E+00    0.000E+00    0.000E+00    0.000E+00    0.000E+00    0.000E+00
     0.500     0.030    0.320E+00    0.273E+00    0.962E+00    0.944E-01    0.113E+00    0.000E+00    0.000E+00    0.000E+00    0.000E+00    0.000E+00    0.000E+00
     0.500     0.040    0.380E+00    0.319E+00    0.142E+01    0.103E+00    0.119E+00    0.568E-02    0.568E-02    0.000E+00    0.000E+00    0.000E+00    0.000E+00
     0.500     0.050    0.434E+00    0.357E+00    0.169E+01    0.109E+00    0.125E+00    0.143E-01    0.143E-01    0.000E+00    0.000E+00    0.000E+00    0.000E+00
     0.500     0.060    0.481E+00    0.388E+00    0.182E+01    0.111E+00    0.130E+00    0.209E-01    0.209E-01    0.000E+00    0.000E+00    0.000E+00    0.000E+00
     0.500     0.070    0.522E+00    0.413E+00    0.186E+01    0.110E+00    0.134E+00    0.257E-01    0.257E-01    0.000E+00    0.000E+00    0.000E+00    0.000E+00
     0.500     0.080    0.559E+00    0.433E+00    0.184E+01    0.107E+00    0.137E+00    0.293E-01    0.293E-01    0.000E+00    0.000E+00    0.000E+00    0.000E+00
     0.500     0.090    0.591E+00    0.449E+00    0.178E+01    0.102E+00    0.140E+00    0.317E-01    0.317E-01    0.000E+00    0.000E+00    0.000E+00    0.000E+00
     0.500     0.100    0.621E+00    0.461E+00    0.170E+01    0.971E-01    0.141E+00    0.333E-01    0.333E-01    0.000E+00    0.000E+00    0.000E+00    0.000E+00
     0.500     0.110    0.648E+00    0.470E+00    0.161E+01    0.917E-01    0.141E+00    0.341E-01    0.341E-01    0.000E+00    0.000E+00    0.000E+00    0.000E+00
     0.500     0.120    0.674E+00    0.476E+00    0.150E+01    0.862E-01    0.140E+00    0.344E-01    0.344E-01    0.000E+00    0.000E+00    0.000E+00    0.000E+00
     0.500     0.130    0.697E+00    0.480E+00    0.140E+01    0.811E-01    0.137E+00    0.342E-01    0.342E-01    0.000E+00    0.000E+00    0.000E+00    0.000E+00
     0.500     0.140    0.719E+00    0.483E+00    0.130E+01    0.763E-01    0.133E+00    0.336E-01    0.336E-01    0.000E+00    0.000E+00    0.000E+00    0.000E+00
     0.500     0.150    0.738E+00    0.483E+00    0.120E+01    0.719E-01    0.128E+00    0.327E-01    0.327E-01    0.000E+00    0.000E+00    0.000E+00    0.000E+00
     0.500     0.160    0.757E+00    0.483E+00    0.110E+01    0.679E-01    0.122E+00    0.316E-01    0.316E-01    0.000E+00    0.000E+00    0.000E+00    0.000E+00
     0.500     0.170    0.773E+00    0.481E+00    0.102E+01    0.642E-01    0.116E+00    0.304E-01    0.304E-01    0.000E+00    0.000E+00    0.000E+00    0.000E+00
     0.500     0.180    0.788E+00    0.478E+00    0.937E+00    0.608E-01    0.109E+00    0.290E-01    0.290E-01    0.000E+00    0.000E+00    0.000E+00    0.000E+00
     0.500     0.190    0.801E+00    0.475E+00    0.863E+00    0.576E-01    0.103E+00    0.275E-01    0.275E-01    0.000E+00    0.000E+00    0.000E+00    0.000E+00
     0.500     0.200    0.812E+00    0.471E+00    0.796E+00    0.547E-01    0.956E-01    0.260E-01    0.260E-01    0.000E+00    0.000E+00    0.000E+00    0.000E+00
     0.500     0.210    0.822E+00    0.467E+00    0.736E+00    0.519E-01    0.887E-01    0.245E-01    0.245E-01    0.000E+00    0.000E+00    0.000E+00    0.000E+00
     0.500     0.220    0.829E+00    0.462E+00    0.682E+00    0.493E-01    0.819E-01    0.230E-01    0.230E-01    0.000E+00    0.000E+00    0.000E+00    0.000E+00
     0.500     0.230    0.835E+00    0.456E+00    0.634E+00    0.467E-01    0.753E-01    0.215E-01    0.215E-01    0.000E+00    0.000E+00    0.000E+00    0.000E+00
     0.500     0.240    0.839E+00    0.450E+00    0.591E+00    0.443E-01    0.690E-01    0.200E-01    0.200E-01    0.000E+00    0.000E+00    0.000E+00    0.000E+00
     0.500     0.250    0.842E+00    0.444E+00    0.553E+00    0.418E-01    0.629E-01    0.185E-01    0.185E-01    0.000E+00    0.000E+00    0.000E+00    0.000E+00
     0.500     0.260    0.843E+00    0.437E+00    0.518E+00    0.395E-01    0.572E-01    0.172E-01    0.172E-01    0.000E+00    0.000E+00    0.000E+00    0.000E+00
     0.500     0.270    0.842E+00    0.430E+00    0.488E+00    0.371E-01    0.519E-01    0.158E-01    0.158E-01    0.000E+00    0.000E+00    0.000E+00    0.000E+00
     0.500     0.280    0.840E+00    0.422E+00    0.461E+00    0.348E-01    0.469E-01    0.146E-01    0.146E-01    0.000E+00    0.000E+00    0.000E+00    0.000E+00
     0.500     0.290    0.836E+00    0.414E+00    0.437E+00    0.325E-01    0.424E-01    0.134E-01    0.134E-01    0.000E+00    0.000E+00    0.000E+00    0.000E+00
     0.500     0.300    0.830E+00    0.405E+00    0.415E+00    0.303E-01    0.382E-01    0.122E-01    0.122E-01    0.000E+00    0.000E+00    0.000E+00    0.000E+00
     0.500     0.310    0.823E+00    0.396E+00    0.395E+00    0.281E-01    0.343E-01    0.111E-01    0.111E-01    0.000E+00    0.000E+00    0.000E+00    0.000E+00
     0.500     0.320    0.815E+00    0.386E+00    0.377E+00    0.259E-01    0.308E-01    0.101E-01    0.101E-01    0.000E+00    0.000E+00    0.000E+00    0.000E+00
     0.500     0.330    0.806E+00    0.376E+00    0.361E+00    0.238E-01    0.276E-01    0.920E-02    0.920E-02    0.000E+00    0.000E+00    0.000E+00    0.000E+00
     0.500     0.340    0.795E+00    0.365E+00    0.345E+00    0.218E-01    0.247E-01    0.833E-02    0.833E-02    0.000E+00    0.000E+00    0.000E+00    0.000E+00
     0.500     0.350    0.783E+00    0.354E+00    0.331E+00    0.199E-01    0.221E-01    0.752E-02    0.752E-02    0.000E+00    0.000E+00    0.000E+00    0.000E+00
     0.500     0.360    0.770E+00    0.343E+00    0.317E+00    0.181E-01    0.197E-01    0.678E-02    0.678E-02    0.000E+00    0.000E+00    0.000E+00    0.000E+00
     0.500     0.370    0.757E+00    0.331E+00    0.303E+00    0.164E-01    0.176E-01    0.609E-02    0.609E-02    0.000E+00    0.000E+00    0.000E+00    0.000E+00
     0.500     0.380    0.742E+00    0.318E+00    0.290E+00    0.148E-01    0.157E-01    0.546E-02    0.546E-02    0.000E+00    0.000E+00    0.000E+00    0.000E+00
     0.500     0.390    0.726E+00    0.306E+00    0.278E+00    0.133E-01    0.139E-01    0.488E-02    0.488E-02    0.000E+00    0.000E+00    0.000E+00    0.000E+00
     0.500     0.400    0.710E+00    0.293E+00    0.266E+00    0.119E-01    0.123E-01    0.435E-02    0.435E-02    0.000E+00    0.000E+00    0.000E+00    0.000E+00
     0.500     0.410    0.693E+00    0.280E+00    0.253E+00    0.106E-01    0.109E-01    0.387E-02    0.387E-02    0.000E+00    0.000E+00    0.000E+00    0.000E+00
     0.500     0.420    0.675E+00    0.267E+00    0.241E+00    0.945E-02    0.966E-02    0.343E-02    0.343E-02    0.000E+00    0.000E+00    0.000E+00    0.000E+00
     0.500     0.430    0.657E+00    0.254E+00    0.230E+00    0.837E-02    0.852E-02    0.303E-02    0.303E-02    0.000E+00    0.000E+00    0.000E+00    0.000E+00
     0.500     0.440    0.638E+00    0.241E+00    0.218E+00    0.740E-02    0.750E-02    0.267E-02    0.267E-02    0.000E+00    0.000E+00    0.000E+00    0.000E+00
     0.500     0.450    0.619E+00    0.228E+00    0.206E+00    0.651E-02    0.658E-02    0.235E-02    0.235E-02    0.000E+00    0.000E+00    0.000E+00    0.000E+00
     0.500     0.460    0.599E+00    0.215E+00    0.195E+00    0.571E-02    0.576E-02    0.206E-02    0.206E-02    0.000E+00    0.000E+00    0.000E+00    0.000E+00
     0.500     0.470    0.579E+00    0.202E+00    0.183E+00    0.500E-02    0.502E-02    0.180E-02    0.180E-02    0.000E+00    0.000E+00    0.000E+00    0.000E+00
     0.500     0.480    0.559E+00    0.190E+00    0.172E+00    0.435E-02    0.437E-02    0.157E-02    0.157E-02    0.000E+00    0.000E+00    0.000E+00    0.000E+00
     0.500     0.490    0.539E+00    0.178E+00    0.161E+00    0.378E-02    0.379E-02    0.137E-02    0.137E-02    0.000E+00    0.000E+00    0.000E+00    0.000E+00
     0.500     0.500    0.518E+00    0.166E+00    0.150E+00    0.327E-02    0.328E-02    0.118E-02    0.118E-02    0.000E+00    0.000E+00    0.000E+00    0.000E+00
     0.500     0.510    0.498E+00    0.154E+00    0.140E+00    0.282E-02    0.283E-02    0.102E-02    0.102E-02    0.000E+00    0.000E+00    0.000E+00    0.000E+00
     0.500     0.520    0.477E+00    0.143E+00    0.129E+00    0.242E-02    0.243E-02    0.879E-03    0.879E-03    0.000E+00    0.000E+00    0.000E+00    0.000E+00
     0.500     0.530    0.456E+00    0.132E+00    0.120E+00    0.207E-02    0.208E-02    0.754E-03    0.754E-03    0.000E+00    0.000E+00    0.000E+00    0.000E+00
     0.500     0.540    0.435E+00    0.122E+00    0.110E+00    0.177E-02    0.177E-02    0.644E-03    0.644E-03    0.000E+00    0.000E+00    0.000E+00    0.000E+00
     0.500     0.550    0.415E+00    0.112E+00    0.101E+00    0.150E-02    0.150E-02    0.548E-03    0.548E-03    0.000E+00    0.000E+00    0.000E+00    0.000E+00
     0.500     0.560    0.394E+00    0.102E+00    0.919E-01    0.127E-02    0.127E-02    0.465E-03    0.465E-03    0.000E+00    0.000E+00    0.000E+00    0.000E+00
     0.500     0.570    0.374E+00    0.933E-01    0.835E-01    0.107E-02    0.107E-02    0.392E-03    0.392E-03    0.000E+00    0.000E+00    0.000E+00    0.000E+00
     0.500     0.580    0.354E+00    0.849E-01    0.756E-01    0.897E-03    0.897E-03    0.330E-03    0.330E-03    0.000E+00    0.000E+00    0.000E+00    0.000E+00
     0.500     0.590    0.335E+00    0.769E-01    0.681E-01    0.748E-03    0.748E-03    0.276E-03    0.276E-03    0.000E+00    0.000E+00    0.000E+00    0.000E+00
     0.500     0.600    0.315E+00    0.695E-01    0.610E-01    0.621E-03    0.621E-03    0.230E-03    0.230E-03    0.000E+00    0.000E+00    0.000E+00    0.000E+00
     0.500     0.610    0.296E+00    0.626E-01    0.545E-01    0.513E-03    0.513E-03    0.191E-03    0.191E-03    0.000E+00    0.000E+00    0.000E+00    0.000E+00
     0.500     0.620    0.278E+00    0.561E-01    0.483E-01    0.421E-03    0.421E-03    0.158E-03    0.158E-03    0.000E+00    0.000E+00    0.000E+00    0.000E+00
     0.500     0.630    0.260E+00    0.502E-01    0.427E-01    0.344E-03    0.344E-03    0.129E-03    0.129E-03    0.000E+00    0.000E+00    0.000E+00    0.000E+00
     0.500     0.640    0.242E+00    0.447E-01    0.375E-01    0.280E-03    0.280E-03    0.106E-03    0.106E-03    0.000E+00    0.000E+00    0.000E+00    0.000E+00
     0.500     0.650    0.225E+00    0.397E-01    0.327E-01    0.226E-03    0.226E-03    0.858E-04    0.858E-04    0.000E+00    0.000E+00    0.000E+00    0.000E+00
     0.500     0.660    0.209E+00    0.351E-01    0.284E-01    0.181E-03    0.181E-03    0.692E-04    0.692E-04    0.000E+00    0.000E+00    0.000E+00    0.000E+00
     0.500     0.670    0.193E+00    0.309E-01    0.245E-01    0.144E-03    0.144E-03    0.555E-04    0.555E-04    0.000E+00    0.000E+00    0.000E+00    0.000E+00
     0.500     0.680    0.178E+00    0.271E-01    0.209E-01    0.114E-03    0.114E-03    0.442E-04    0.442E-04    0.000E+00    0.000E+00    0.000E+00    0.000E+00
     0.500     0.690    0.163E+00    0.237E-01    0.178E-01    0.893E-04    0.893E-04    0.350E-04    0.350E-04    0.000E+00    0.000E+00    0.000E+00    0.000E+00
     0.500     0.700    0.149E+00    0.206E-01    0.150E-01    0.695E-04    0.695E-04    0.274E-04    0.274E-04    0.000E+00    0.000E+00    0.000E+00    0.000E+00
     0.500     0.710    0.136E+00    0.179E-01    0.126E-01    0.535E-04    0.535E-04    0.213E-04    0.213E-04    0.000E+00    0.000E+00    0.000E+00    0.000E+00
     0.500     0.720    0.123E+00    0.155E-01    0.104E-01    0.409E-04    0.409E-04    0.165E-04    0.165E-04    0.000E+00    0.000E+00    0.000E+00    0.000E+00
     0.500     0.730    0.111E+00    0.133E-01    0.858E-02    0.309E-04    0.309E-04    0.126E-04    0.126E-04    0.476E-07    0.476E-07    0.000E+00    0.000E+00
     0.500     0.740    0.995E-01    0.114E-01    0.699E-02    0.231E-04    0.231E-04    0.953E-05    0.953E-05    0.198E-07    0.198E-07    0.000E+00    0.000E+00
     0.500     0.750    0.888E-01    0.973E-02    0.563E-02    0.171E-04    0.171E-04    0.714E-05    0.714E-05    0.000E+00    0.000E+00    0.000E+00    0.000E+00
     0.500     0.760    0.789E-01    0.827E-02    0.448E-02    0.125E-04    0.125E-04    0.528E-05    0.528E-05    0.000E+00    0.000E+00    0.000E+00    0.000E+00
     0.500     0.770    0.696E-01    0.700E-02    0.352E-02    0.900E-05    0.900E-05    0.387E-05    0.387E-05    0.000E+00    0.000E+00    0.000E+00    0.000E+00
     0.500     0.780    0.610E-01    0.589E-02    0.273E-02    0.637E-05    0.637E-05    0.278E-05    0.278E-05    0.000E+00    0.000E+00    0.000E+00    0.000E+00
     0.500     0.790    0.531E-01    0.494E-02    0.209E-02    0.447E-05    0.447E-05    0.199E-05    0.199E-05    0.000E+00    0.000E+00    0.000E+00    0.000E+00
     0.500     0.800    0.458E-01    0.412E-02    0.157E-02    0.305E-05    0.305E-05    0.138E-05    0.138E-05    0.000E+00    0.000E+00    0.000E+00    0.000E+00
     0.500     0.810    0.392E-01    0.341E-02    0.116E-02    0.206E-05    0.206E-05    0.955E-06    0.955E-06    0.000E+00    0.000E+00    0.000E+00    0.000E+00
     0.500     0.820    0.332E-01    0.281E-02    0.839E-03    0.135E-05    0.135E-05    0.642E-06    0.642E-06    0.000E+00    0.000E+00    0.000E+00    0.000E+00
     0.500     0.830    0.278E-01    0.230E-02    0.593E-03    0.870E-06    0.870E-06    0.423E-06    0.423E-06    0.000E+00    0.000E+00    0.000E+00    0.000E+00
     0.500     0.840    0.230E-01    0.186E-02    0.409E-03    0.548E-06    0.548E-06    0.273E-06    0.273E-06    0.000E+00    0.000E+00    0.000E+00    0.000E+00
     0.500     0.850    0.188E-01    0.150E-02    0.273E-03    0.329E-06    0.329E-06    0.169E-06    0.169E-06    0.000E+00    0.000E+00    0.000E+00    0.000E+00
     0.500     0.860    0.151E-01    0.119E-02    0.177E-03    0.198E-06    0.198E-06    0.105E-06    0.105E-06    0.000E+00    0.000E+00    0.000E+00    0.000E+00
     0.500     0.870    0.120E-01    0.931E-03    0.108E-03    0.108E-06    0.108E-06    0.598E-07    0.598E-07    0.000E+00    0.000E+00    0.000E+00    0.000E+00
     0.500     0.880    0.926E-02    0.718E-03    0.640E-04    0.596E-07    0.596E-07    0.341E-07    0.341E-07    0.000E+00    0.000E+00    0.000E+00    0.000E+00
     0.500     0.890    0.700E-02    0.542E-03    0.348E-04    0.296E-07    0.296E-07    0.178E-07    0.178E-07    0.000E+00    0.000E+00    0.000E+00    0.000E+00
     0.500     0.900    0.514E-02    0.399E-03    0.175E-04    0.138E-07    0.138E-07    0.878E-08    0.878E-08    0.000E+00    0.000E+00    0.000E+00    0.000E+00
     0.500     0.910    0.365E-02    0.285E-03    0.785E-05    0.633E-08    0.633E-08    0.415E-08    0.415E-08    0.000E+00    0.000E+00    0.000E+00    0.000E+00
     0.500     0.920    0.248E-02    0.195E-03    0.253E-05    0.201E-08    0.201E-08    0.135E-08    0.135E-08    0.000E+00    0.000E+00    0.000E+00    0.000E+00
     0.500     0.930    0.159E-02    0.127E-03    0.719E-06    0.952E-09    0.952E-09    0.436E-09    0.436E-09    0.000E+00    0.000E+00    0.000E+00    0.000E+00
     0.500     0.940    0.954E-03    0.772E-04    0.000E+00    0.197E-10    0.197E-10    0.000E+00    0.000E+00    0.000E+00    0.000E+00    0.000E+00    0.000E+00
     0.500     0.950    0.514E-03    0.423E-04    0.000E+00    0.000E+00    0.000E+00    0.000E+00    0.000E+00    0.000E+00    0.000E+00    0.000E+00    0.000E+00
     0.500     0.960    0.221E-03    0.186E-04    0.000E+00    0.000E+00    0.000E+00    0.000E+00    0.000E+00    0.000E+00    0.000E+00    0.000E+00    0.000E+00
     0.500     0.970    0.479E-04    0.414E-05    0.000E+00    0.000E+00    0.000E+00    0.000E+00    0.000E+00    0.000E+00    0.000E+00    0.000E+00    0.000E+00
     0.500     0.980    0.000E+00    0.000E+00    0.782E-07    0.415E-10    0.415E-10    0.222E-10    0.222E-10    0.000E+00    0.000E+00    0.000E+00    0.000E+00
     0.500     0.990    0.000E+00    0.000E+00    0.146E-06    0.836E-10    0.836E-10    0.418E-10    0.418E-10    0.000E+00    0.000E+00    0.000E+00    0.000E+00

