     Q**2          x         u           d           g          ub          db          sb          s          cb          c          bb          b
     1.500     0.010    0.364E+00    0.333E+00    0.156E+01    0.223E+00    0.245E+00    0.902E-01    0.902E-01    0.000E+00    0.000E+00    0.000E+00    0.000E+00
     1.500     0.020    0.381E+00    0.348E+00    0.158E+01    0.189E+00    0.209E+00    0.766E-01    0.766E-01    0.000E+00    0.000E+00    0.000E+00    0.000E+00
     1.500     0.030    0.404E+00    0.362E+00    0.159E+01    0.169E+00    0.185E+00    0.682E-01    0.682E-01    0.000E+00    0.000E+00    0.000E+00    0.000E+00
     1.500     0.040    0.428E+00    0.373E+00    0.157E+01    0.156E+00    0.168E+00    0.624E-01    0.624E-01    0.000E+00    0.000E+00    0.000E+00    0.000E+00
     1.500     0.050    0.451E+00    0.381E+00    0.156E+01    0.144E+00    0.155E+00    0.576E-01    0.576E-01    0.000E+00    0.000E+00    0.000E+00    0.000E+00
     1.500     0.060    0.473E+00    0.388E+00    0.153E+01    0.133E+00    0.145E+00    0.535E-01    0.535E-01    0.000E+00    0.000E+00    0.000E+00    0.000E+00
     1.500     0.070    0.494E+00    0.394E+00    0.150E+01    0.122E+00    0.137E+00    0.500E-01    0.500E-01    0.000E+00    0.000E+00    0.000E+00    0.000E+00
     1.500     0.080    0.513E+00    0.398E+00    0.146E+01    0.112E+00    0.130E+00    0.467E-01    0.467E-01    0.000E+00    0.000E+00    0.000E+00    0.000E+00
     1.500     0.090    0.531E+00    0.402E+00    0.142E+01    0.103E+00    0.124E+00    0.439E-01    0.439E-01    0.000E+00    0.000E+00    0.000E+00    0.000E+00
     1.500     0.100    0.548E+00    0.404E+00    0.138E+01    0.942E-01    0.119E+00    0.412E-01    0.412E-01    0.000E+00    0.000E+00    0.000E+00    0.000E+00
     1.500     0.110    0.565E+00    0.406E+00    0.134E+01    0.864E-01    0.114E+00    0.388E-01    0.388E-01    0.000E+00    0.000E+00    0.000E+00    0.000E+00
     1.500     0.120    0.580E+00    0.406E+00    0.129E+01    0.794E-01    0.109E+00    0.365E-01    0.365E-01    0.000E+00    0.000E+00    0.000E+00    0.000E+00
     1.500     0.130    0.595E+00    0.406E+00    0.124E+01    0.732E-01    0.104E+00    0.344E-01    0.344E-01    0.000E+00    0.000E+00    0.000E+00    0.000E+00
     1.500     0.140    0.608E+00    0.404E+00    0.119E+01    0.678E-01    0.989E-01    0.324E-01    0.324E-01    0.000E+00    0.000E+00    0.000E+00    0.000E+00
     1.500     0.150    0.621E+00    0.402E+00    0.114E+01    0.629E-01    0.941E-01    0.305E-01    0.305E-01    0.000E+00    0.000E+00    0.000E+00    0.000E+00
     1.500     0.160    0.632E+00    0.399E+00    0.109E+01    0.587E-01    0.892E-01    0.288E-01    0.288E-01    0.000E+00    0.000E+00    0.000E+00    0.000E+00
     1.500     0.170    0.643E+00    0.396E+00    0.105E+01    0.549E-01    0.844E-01    0.271E-01    0.271E-01    0.000E+00    0.000E+00    0.000E+00    0.000E+00
     1.500     0.180    0.652E+00    0.392E+00    0.996E+00    0.515E-01    0.797E-01    0.256E-01    0.256E-01    0.000E+00    0.000E+00    0.000E+00    0.000E+00
     1.500     0.190    0.660E+00    0.388E+00    0.947E+00    0.486E-01    0.750E-01    0.241E-01    0.241E-01    0.000E+00    0.000E+00    0.000E+00    0.000E+00
     1.500     0.200    0.667E+00    0.383E+00    0.899E+00    0.459E-01    0.705E-01    0.227E-01    0.227E-01    0.000E+00    0.000E+00    0.000E+00    0.000E+00
     1.500     0.210    0.673E+00    0.378E+00    0.852E+00    0.435E-01    0.660E-01    0.214E-01    0.214E-01    0.000E+00    0.000E+00    0.000E+00    0.000E+00
     1.500     0.220    0.678E+00    0.372E+00    0.806E+00    0.413E-01    0.618E-01    0.202E-01    0.202E-01    0.000E+00    0.000E+00    0.000E+00    0.000E+00
     1.500     0.230    0.681E+00    0.366E+00    0.761E+00    0.392E-01    0.577E-01    0.190E-01    0.190E-01    0.000E+00    0.000E+00    0.000E+00    0.000E+00
     1.500     0.240    0.683E+00    0.359E+00    0.717E+00    0.374E-01    0.538E-01    0.178E-01    0.178E-01    0.000E+00    0.000E+00    0.000E+00    0.000E+00
     1.500     0.250    0.684E+00    0.352E+00    0.674E+00    0.356E-01    0.500E-01    0.168E-01    0.168E-01    0.000E+00    0.000E+00    0.000E+00    0.000E+00
     1.500     0.260    0.684E+00    0.345E+00    0.633E+00    0.339E-01    0.465E-01    0.158E-01    0.158E-01    0.000E+00    0.000E+00    0.000E+00    0.000E+00
     1.500     0.270    0.682E+00    0.338E+00    0.593E+00    0.323E-01    0.431E-01    0.148E-01    0.148E-01    0.000E+00    0.000E+00    0.000E+00    0.000E+00
     1.500     0.280    0.679E+00    0.330E+00    0.555E+00    0.307E-01    0.400E-01    0.139E-01    0.139E-01    0.000E+00    0.000E+00    0.000E+00    0.000E+00
     1.500     0.290    0.676E+00    0.322E+00    0.518E+00    0.292E-01    0.371E-01    0.130E-01    0.130E-01    0.000E+00    0.000E+00    0.000E+00    0.000E+00
     1.500     0.300    0.671E+00    0.314E+00    0.483E+00    0.277E-01    0.343E-01    0.122E-01    0.122E-01    0.000E+00    0.000E+00    0.000E+00    0.000E+00
     1.500     0.310    0.665E+00    0.306E+00    0.450E+00    0.263E-01    0.317E-01    0.114E-01    0.114E-01    0.000E+00    0.000E+00    0.000E+00    0.000E+00
     1.500     0.320    0.658E+00    0.297E+00    0.417E+00    0.249E-01    0.294E-01    0.107E-01    0.107E-01    0.000E+00    0.000E+00    0.000E+00    0.000E+00
     1.500     0.330    0.650E+00    0.289E+00    0.387E+00    0.235E-01    0.271E-01    0.998E-02    0.998E-02    0.000E+00    0.000E+00    0.000E+00    0.000E+00
     1.500     0.340    0.642E+00    0.280E+00    0.358E+00    0.222E-01    0.251E-01    0.932E-02    0.932E-02    0.000E+00    0.000E+00    0.000E+00    0.000E+00
     1.500     0.350    0.632E+00    0.271E+00    0.331E+00    0.209E-01    0.232E-01    0.869E-02    0.869E-02    0.000E+00    0.000E+00    0.000E+00    0.000E+00
     1.500     0.360    0.622E+00    0.261E+00    0.305E+00    0.196E-01    0.214E-01    0.809E-02    0.809E-02    0.000E+00    0.000E+00    0.000E+00    0.000E+00
     1.500     0.370    0.611E+00    0.252E+00    0.280E+00    0.184E-01    0.198E-01    0.753E-02    0.753E-02    0.000E+00    0.000E+00    0.000E+00    0.000E+00
     1.500     0.380    0.599E+00    0.243E+00    0.257E+00    0.172E-01    0.183E-01    0.700E-02    0.700E-02    0.000E+00    0.000E+00    0.000E+00    0.000E+00
     1.500     0.390    0.587E+00    0.233E+00    0.236E+00    0.160E-01    0.168E-01    0.649E-02    0.649E-02    0.000E+00    0.000E+00    0.000E+00    0.000E+00
     1.500     0.400    0.574E+00    0.224E+00    0.216E+00    0.149E-01    0.155E-01    0.602E-02    0.602E-02    0.000E+00    0.000E+00    0.000E+00    0.000E+00
     1.500     0.410    0.560E+00    0.214E+00    0.197E+00    0.138E-01    0.143E-01    0.557E-02    0.557E-02    0.000E+00    0.000E+00    0.000E+00    0.000E+00
     1.500     0.420    0.546E+00    0.205E+00    0.179E+00    0.128E-01    0.132E-01    0.515E-02    0.515E-02    0.000E+00    0.000E+00    0.000E+00    0.000E+00
     1.500     0.430    0.532E+00    0.195E+00    0.163E+00    0.119E-01    0.121E-01    0.475E-02    0.475E-02    0.000E+00    0.000E+00    0.000E+00    0.000E+00
     1.500     0.440    0.517E+00    0.186E+00    0.147E+00    0.109E-01    0.111E-01    0.438E-02    0.438E-02    0.000E+00    0.000E+00    0.000E+00    0.000E+00
     1.500     0.450    0.502E+00    0.176E+00    0.133E+00    0.101E-01    0.102E-01    0.402E-02    0.402E-02    0.000E+00    0.000E+00    0.000E+00    0.000E+00
     1.500     0.460    0.486E+00    0.167E+00    0.120E+00    0.926E-02    0.936E-02    0.369E-02    0.369E-02    0.000E+00    0.000E+00    0.000E+00    0.000E+00
     1.500     0.470    0.471E+00    0.158E+00    0.108E+00    0.850E-02    0.856E-02    0.339E-02    0.339E-02    0.000E+00    0.000E+00    0.000E+00    0.000E+00
     1.500     0.480    0.455E+00    0.149E+00    0.969E-01    0.777E-02    0.782E-02    0.310E-02    0.310E-02    0.000E+00    0.000E+00    0.000E+00    0.000E+00
     1.500     0.490    0.439E+00    0.140E+00    0.867E-01    0.709E-02    0.713E-02    0.282E-02    0.282E-02    0.000E+00    0.000E+00    0.000E+00    0.000E+00
     1.500     0.500    0.423E+00    0.132E+00    0.773E-01    0.646E-02    0.648E-02    0.257E-02    0.257E-02    0.000E+00    0.000E+00    0.000E+00    0.000E+00
     1.500     0.510    0.407E+00    0.123E+00    0.688E-01    0.587E-02    0.588E-02    0.234E-02    0.234E-02    0.000E+00    0.000E+00    0.000E+00    0.000E+00
     1.500     0.520    0.390E+00    0.115E+00    0.610E-01    0.532E-02    0.533E-02    0.212E-02    0.212E-02    0.000E+00    0.000E+00    0.000E+00    0.000E+00
     1.500     0.530    0.374E+00    0.107E+00    0.540E-01    0.480E-02    0.481E-02    0.191E-02    0.191E-02    0.000E+00    0.000E+00    0.000E+00    0.000E+00
     1.500     0.540    0.358E+00    0.996E-01    0.476E-01    0.433E-02    0.433E-02    0.172E-02    0.172E-02    0.000E+00    0.000E+00    0.000E+00    0.000E+00
     1.500     0.550    0.342E+00    0.922E-01    0.418E-01    0.388E-02    0.389E-02    0.155E-02    0.155E-02    0.000E+00    0.000E+00    0.000E+00    0.000E+00
     1.500     0.560    0.326E+00    0.852E-01    0.366E-01    0.348E-02    0.348E-02    0.138E-02    0.138E-02    0.000E+00    0.000E+00    0.000E+00    0.000E+00
     1.500     0.570    0.310E+00    0.784E-01    0.319E-01    0.310E-02    0.310E-02    0.123E-02    0.123E-02    0.000E+00    0.000E+00    0.000E+00    0.000E+00
     1.500     0.580    0.294E+00    0.720E-01    0.278E-01    0.275E-02    0.275E-02    0.110E-02    0.110E-02    0.000E+00    0.000E+00    0.000E+00    0.000E+00
     1.500     0.590    0.279E+00    0.659E-01    0.240E-01    0.244E-02    0.244E-02    0.971E-03    0.971E-03    0.000E+00    0.000E+00    0.000E+00    0.000E+00
     1.500     0.600    0.264E+00    0.600E-01    0.207E-01    0.215E-02    0.215E-02    0.855E-03    0.855E-03    0.000E+00    0.000E+00    0.000E+00    0.000E+00
     1.500     0.610    0.249E+00    0.545E-01    0.178E-01    0.188E-02    0.188E-02    0.750E-03    0.750E-03    0.000E+00    0.000E+00    0.000E+00    0.000E+00
     1.500     0.620    0.234E+00    0.494E-01    0.152E-01    0.164E-02    0.164E-02    0.653E-03    0.653E-03    0.000E+00    0.000E+00    0.000E+00    0.000E+00
     1.500     0.630    0.220E+00    0.445E-01    0.129E-01    0.142E-02    0.142E-02    0.566E-03    0.566E-03    0.000E+00    0.000E+00    0.000E+00    0.000E+00
     1.500     0.640    0.206E+00    0.400E-01    0.109E-01    0.122E-02    0.122E-02    0.487E-03    0.487E-03    0.000E+00    0.000E+00    0.000E+00    0.000E+00
     1.500     0.650    0.192E+00    0.357E-01    0.921E-02    0.104E-02    0.104E-02    0.416E-03    0.416E-03    0.000E+00    0.000E+00    0.000E+00    0.000E+00
     1.500     0.660    0.179E+00    0.318E-01    0.771E-02    0.884E-03    0.884E-03    0.353E-03    0.353E-03    0.000E+00    0.000E+00    0.000E+00    0.000E+00
     1.500     0.670    0.166E+00    0.282E-01    0.642E-02    0.742E-03    0.742E-03    0.296E-03    0.296E-03    0.000E+00    0.000E+00    0.000E+00    0.000E+00
     1.500     0.680    0.154E+00    0.248E-01    0.531E-02    0.615E-03    0.615E-03    0.245E-03    0.245E-03    0.000E+00    0.000E+00    0.000E+00    0.000E+00
     1.500     0.690    0.142E+00    0.218E-01    0.436E-02    0.503E-03    0.503E-03    0.201E-03    0.201E-03    0.000E+00    0.000E+00    0.000E+00    0.000E+00
     1.500     0.700    0.131E+00    0.190E-01    0.355E-02    0.405E-03    0.405E-03    0.162E-03    0.162E-03    0.000E+00    0.000E+00    0.000E+00    0.000E+00
     1.500     0.710    0.120E+00    0.165E-01    0.288E-02    0.319E-03    0.319E-03    0.127E-03    0.127E-03    0.000E+00    0.000E+00    0.000E+00    0.000E+00
     1.500     0.720    0.109E+00    0.142E-01    0.231E-02    0.245E-03    0.245E-03    0.979E-04    0.979E-04    0.000E+00    0.000E+00    0.000E+00    0.000E+00
     1.500     0.730    0.995E-01    0.121E-01    0.184E-02    0.182E-03    0.182E-03    0.725E-04    0.725E-04    0.000E+00    0.000E+00    0.000E+00    0.000E+00
     1.500     0.740    0.901E-01    0.103E-01    0.145E-02    0.128E-03    0.128E-03    0.511E-04    0.511E-04    0.000E+00    0.000E+00    0.000E+00    0.000E+00
     1.500     0.750    0.811E-01    0.869E-02    0.113E-02    0.821E-04    0.821E-04    0.327E-04    0.327E-04    0.000E+00    0.000E+00    0.000E+00    0.000E+00
     1.500     0.760    0.727E-01    0.727E-02    0.870E-03    0.446E-04    0.446E-04    0.178E-04    0.178E-04    0.000E+00    0.000E+00    0.000E+00    0.000E+00
     1.500     0.770    0.648E-01    0.602E-02    0.664E-03    0.188E-04    0.188E-04    0.745E-05    0.745E-05    0.000E+00    0.000E+00    0.000E+00    0.000E+00
     1.500     0.780    0.574E-01    0.494E-02    0.498E-03    0.548E-05    0.548E-05    0.217E-05    0.217E-05    0.000E+00    0.000E+00    0.000E+00    0.000E+00
     1.500     0.790    0.505E-01    0.401E-02    0.370E-03    0.000E+00    0.000E+00    0.000E+00    0.000E+00    0.000E+00    0.000E+00    0.000E+00    0.000E+00
     1.500     0.800    0.441E-01    0.324E-02    0.269E-03    0.000E+00    0.000E+00    0.000E+00    0.000E+00    0.000E+00    0.000E+00    0.000E+00    0.000E+00
     1.500     0.810    0.383E-01    0.259E-02    0.193E-03    0.000E+00    0.000E+00    0.000E+00    0.000E+00    0.000E+00    0.000E+00    0.000E+00    0.000E+00
     1.500     0.820    0.329E-01    0.204E-02    0.135E-03    0.000E+00    0.000E+00    0.000E+00    0.000E+00    0.000E+00    0.000E+00    0.000E+00    0.000E+00
     1.500     0.830    0.280E-01    0.158E-02    0.925E-04    0.000E+00    0.000E+00    0.000E+00    0.000E+00    0.000E+00    0.000E+00    0.000E+00    0.000E+00
     1.500     0.840    0.236E-01    0.121E-02    0.618E-04    0.000E+00    0.000E+00    0.000E+00    0.000E+00    0.000E+00    0.000E+00    0.000E+00    0.000E+00
     1.500     0.850    0.196E-01    0.906E-03    0.398E-04    0.000E+00    0.000E+00    0.000E+00    0.000E+00    0.000E+00    0.000E+00    0.000E+00    0.000E+00
     1.500     0.860    0.161E-01    0.667E-03    0.250E-04    0.000E+00    0.000E+00    0.000E+00    0.000E+00    0.000E+00    0.000E+00    0.000E+00    0.000E+00
     1.500     0.870    0.130E-01    0.479E-03    0.147E-04    0.000E+00    0.000E+00    0.000E+00    0.000E+00    0.000E+00    0.000E+00    0.000E+00    0.000E+00
     1.500     0.880    0.103E-01    0.337E-03    0.840E-05    0.000E+00    0.000E+00    0.000E+00    0.000E+00    0.000E+00    0.000E+00    0.000E+00    0.000E+00
     1.500     0.890    0.797E-02    0.229E-03    0.435E-05    0.000E+00    0.000E+00    0.000E+00    0.000E+00    0.000E+00    0.000E+00    0.000E+00    0.000E+00
     1.500     0.900    0.602E-02    0.151E-03    0.205E-05    0.000E+00    0.000E+00    0.000E+00    0.000E+00    0.000E+00    0.000E+00    0.000E+00    0.000E+00
     1.500     0.910    0.441E-02    0.958E-04    0.854E-06    0.000E+00    0.000E+00    0.000E+00    0.000E+00    0.000E+00    0.000E+00    0.000E+00    0.000E+00
     1.500     0.920    0.311E-02    0.577E-04    0.208E-06    0.000E+00    0.000E+00    0.000E+00    0.000E+00    0.000E+00    0.000E+00    0.000E+00    0.000E+00
     1.500     0.930    0.209E-02    0.335E-04    0.350E-07    0.000E+00    0.000E+00    0.000E+00    0.000E+00    0.000E+00    0.000E+00    0.000E+00    0.000E+00
     1.500     0.940    0.131E-02    0.174E-04    0.000E+00    0.000E+00    0.000E+00    0.000E+00    0.000E+00    0.000E+00    0.000E+00    0.000E+00    0.000E+00
     1.500     0.950    0.751E-03    0.854E-05    0.000E+00    0.000E+00    0.000E+00    0.000E+00    0.000E+00    0.000E+00    0.000E+00    0.000E+00    0.000E+00
     1.500     0.960    0.345E-03    0.322E-05    0.000E+00    0.548E-07    0.548E-07    0.219E-07    0.219E-07    0.000E+00    0.000E+00    0.000E+00    0.000E+00
     1.500     0.970    0.816E-04    0.531E-06    0.000E+00    0.132E-06    0.132E-06    0.526E-07    0.526E-07    0.127E-12    0.127E-12    0.000E+00    0.000E+00
     1.500     0.980    0.000E+00    0.000E+00    0.947E-08    0.175E-06    0.175E-06    0.699E-07    0.699E-07    0.000E+00    0.000E+00    0.000E+00    0.000E+00
     1.500     0.990    0.000E+00    0.505E-07    0.171E-07    0.145E-06    0.145E-06    0.578E-07    0.578E-07    0.000E+00    0.000E+00    0.000E+00    0.000E+00

