     Q**2          x         u           d           g          ub          db          sb          s          cb          c          bb          b
     1.500     0.010    0.319E+00    0.276E+00    0.161E+01    0.181E+00    0.201E+00    0.703E-01    0.703E-01    0.000E+00    0.000E+00    0.000E+00    0.000E+00
     1.500     0.020    0.375E+00    0.319E+00    0.210E+01    0.162E+00    0.183E+00    0.644E-01    0.644E-01    0.000E+00    0.000E+00    0.000E+00    0.000E+00
     1.500     0.030    0.427E+00    0.356E+00    0.228E+01    0.153E+00    0.173E+00    0.614E-01    0.614E-01    0.000E+00    0.000E+00    0.000E+00    0.000E+00
     1.500     0.040    0.473E+00    0.384E+00    0.229E+01    0.147E+00    0.166E+00    0.596E-01    0.596E-01    0.000E+00    0.000E+00    0.000E+00    0.000E+00
     1.500     0.050    0.512E+00    0.406E+00    0.223E+01    0.141E+00    0.161E+00    0.577E-01    0.577E-01    0.000E+00    0.000E+00    0.000E+00    0.000E+00
     1.500     0.060    0.546E+00    0.422E+00    0.212E+01    0.133E+00    0.157E+00    0.558E-01    0.558E-01    0.000E+00    0.000E+00    0.000E+00    0.000E+00
     1.500     0.070    0.575E+00    0.434E+00    0.199E+01    0.125E+00    0.153E+00    0.538E-01    0.538E-01    0.000E+00    0.000E+00    0.000E+00    0.000E+00
     1.500     0.080    0.600E+00    0.443E+00    0.185E+01    0.116E+00    0.150E+00    0.516E-01    0.516E-01    0.000E+00    0.000E+00    0.000E+00    0.000E+00
     1.500     0.090    0.623E+00    0.449E+00    0.171E+01    0.108E+00    0.146E+00    0.494E-01    0.494E-01    0.000E+00    0.000E+00    0.000E+00    0.000E+00
     1.500     0.100    0.642E+00    0.452E+00    0.157E+01    0.992E-01    0.142E+00    0.472E-01    0.472E-01    0.000E+00    0.000E+00    0.000E+00    0.000E+00
     1.500     0.110    0.660E+00    0.454E+00    0.144E+01    0.915E-01    0.138E+00    0.449E-01    0.449E-01    0.000E+00    0.000E+00    0.000E+00    0.000E+00
     1.500     0.120    0.675E+00    0.453E+00    0.131E+01    0.844E-01    0.133E+00    0.425E-01    0.425E-01    0.000E+00    0.000E+00    0.000E+00    0.000E+00
     1.500     0.130    0.689E+00    0.451E+00    0.120E+01    0.781E-01    0.127E+00    0.402E-01    0.402E-01    0.000E+00    0.000E+00    0.000E+00    0.000E+00
     1.500     0.140    0.701E+00    0.448E+00    0.109E+01    0.724E-01    0.120E+00    0.379E-01    0.379E-01    0.000E+00    0.000E+00    0.000E+00    0.000E+00
     1.500     0.150    0.712E+00    0.443E+00    0.993E+00    0.672E-01    0.114E+00    0.356E-01    0.356E-01    0.000E+00    0.000E+00    0.000E+00    0.000E+00
     1.500     0.160    0.721E+00    0.438E+00    0.905E+00    0.626E-01    0.107E+00    0.334E-01    0.334E-01    0.000E+00    0.000E+00    0.000E+00    0.000E+00
     1.500     0.170    0.728E+00    0.432E+00    0.825E+00    0.585E-01    0.100E+00    0.312E-01    0.312E-01    0.000E+00    0.000E+00    0.000E+00    0.000E+00
     1.500     0.180    0.734E+00    0.426E+00    0.754E+00    0.547E-01    0.930E-01    0.291E-01    0.291E-01    0.000E+00    0.000E+00    0.000E+00    0.000E+00
     1.500     0.190    0.738E+00    0.419E+00    0.689E+00    0.513E-01    0.861E-01    0.271E-01    0.271E-01    0.000E+00    0.000E+00    0.000E+00    0.000E+00
     1.500     0.200    0.741E+00    0.412E+00    0.632E+00    0.481E-01    0.793E-01    0.252E-01    0.252E-01    0.000E+00    0.000E+00    0.000E+00    0.000E+00
     1.500     0.210    0.743E+00    0.405E+00    0.581E+00    0.452E-01    0.728E-01    0.233E-01    0.233E-01    0.000E+00    0.000E+00    0.000E+00    0.000E+00
     1.500     0.220    0.743E+00    0.397E+00    0.536E+00    0.424E-01    0.666E-01    0.215E-01    0.215E-01    0.000E+00    0.000E+00    0.000E+00    0.000E+00
     1.500     0.230    0.741E+00    0.390E+00    0.495E+00    0.398E-01    0.607E-01    0.199E-01    0.199E-01    0.000E+00    0.000E+00    0.000E+00    0.000E+00
     1.500     0.240    0.738E+00    0.381E+00    0.459E+00    0.373E-01    0.552E-01    0.183E-01    0.183E-01    0.000E+00    0.000E+00    0.000E+00    0.000E+00
     1.500     0.250    0.734E+00    0.373E+00    0.427E+00    0.349E-01    0.500E-01    0.168E-01    0.168E-01    0.000E+00    0.000E+00    0.000E+00    0.000E+00
     1.500     0.260    0.729E+00    0.364E+00    0.398E+00    0.326E-01    0.451E-01    0.154E-01    0.154E-01    0.000E+00    0.000E+00    0.000E+00    0.000E+00
     1.500     0.270    0.722E+00    0.355E+00    0.372E+00    0.303E-01    0.407E-01    0.140E-01    0.140E-01    0.000E+00    0.000E+00    0.000E+00    0.000E+00
     1.500     0.280    0.714E+00    0.346E+00    0.349E+00    0.282E-01    0.366E-01    0.128E-01    0.128E-01    0.000E+00    0.000E+00    0.000E+00    0.000E+00
     1.500     0.290    0.705E+00    0.337E+00    0.328E+00    0.261E-01    0.328E-01    0.117E-01    0.117E-01    0.000E+00    0.000E+00    0.000E+00    0.000E+00
     1.500     0.300    0.695E+00    0.327E+00    0.309E+00    0.241E-01    0.294E-01    0.106E-01    0.106E-01    0.000E+00    0.000E+00    0.000E+00    0.000E+00
     1.500     0.310    0.684E+00    0.317E+00    0.292E+00    0.221E-01    0.263E-01    0.958E-02    0.958E-02    0.000E+00    0.000E+00    0.000E+00    0.000E+00
     1.500     0.320    0.673E+00    0.307E+00    0.276E+00    0.203E-01    0.235E-01    0.866E-02    0.866E-02    0.000E+00    0.000E+00    0.000E+00    0.000E+00
     1.500     0.330    0.660E+00    0.296E+00    0.261E+00    0.185E-01    0.210E-01    0.781E-02    0.781E-02    0.000E+00    0.000E+00    0.000E+00    0.000E+00
     1.500     0.340    0.647E+00    0.286E+00    0.247E+00    0.168E-01    0.187E-01    0.702E-02    0.702E-02    0.000E+00    0.000E+00    0.000E+00    0.000E+00
     1.500     0.350    0.633E+00    0.275E+00    0.234E+00    0.152E-01    0.167E-01    0.631E-02    0.631E-02    0.000E+00    0.000E+00    0.000E+00    0.000E+00
     1.500     0.360    0.618E+00    0.264E+00    0.222E+00    0.138E-01    0.148E-01    0.565E-02    0.565E-02    0.000E+00    0.000E+00    0.000E+00    0.000E+00
     1.500     0.370    0.603E+00    0.253E+00    0.210E+00    0.124E-01    0.131E-01    0.504E-02    0.504E-02    0.000E+00    0.000E+00    0.000E+00    0.000E+00
     1.500     0.380    0.588E+00    0.242E+00    0.199E+00    0.111E-01    0.116E-01    0.449E-02    0.449E-02    0.000E+00    0.000E+00    0.000E+00    0.000E+00
     1.500     0.390    0.571E+00    0.231E+00    0.188E+00    0.990E-02    0.103E-01    0.399E-02    0.399E-02    0.000E+00    0.000E+00    0.000E+00    0.000E+00
     1.500     0.400    0.555E+00    0.220E+00    0.178E+00    0.882E-02    0.909E-02    0.354E-02    0.354E-02    0.000E+00    0.000E+00    0.000E+00    0.000E+00
     1.500     0.410    0.538E+00    0.209E+00    0.168E+00    0.782E-02    0.801E-02    0.313E-02    0.313E-02    0.000E+00    0.000E+00    0.000E+00    0.000E+00
     1.500     0.420    0.521E+00    0.198E+00    0.158E+00    0.692E-02    0.705E-02    0.276E-02    0.276E-02    0.000E+00    0.000E+00    0.000E+00    0.000E+00
     1.500     0.430    0.504E+00    0.187E+00    0.149E+00    0.609E-02    0.618E-02    0.243E-02    0.243E-02    0.000E+00    0.000E+00    0.000E+00    0.000E+00
     1.500     0.440    0.487E+00    0.176E+00    0.140E+00    0.535E-02    0.541E-02    0.213E-02    0.213E-02    0.000E+00    0.000E+00    0.000E+00    0.000E+00
     1.500     0.450    0.469E+00    0.166E+00    0.131E+00    0.469E-02    0.473E-02    0.186E-02    0.186E-02    0.000E+00    0.000E+00    0.000E+00    0.000E+00
     1.500     0.460    0.451E+00    0.155E+00    0.122E+00    0.409E-02    0.412E-02    0.162E-02    0.162E-02    0.000E+00    0.000E+00    0.000E+00    0.000E+00
     1.500     0.470    0.434E+00    0.145E+00    0.114E+00    0.356E-02    0.357E-02    0.141E-02    0.141E-02    0.000E+00    0.000E+00    0.000E+00    0.000E+00
     1.500     0.480    0.416E+00    0.136E+00    0.106E+00    0.308E-02    0.309E-02    0.122E-02    0.122E-02    0.000E+00    0.000E+00    0.000E+00    0.000E+00
     1.500     0.490    0.399E+00    0.126E+00    0.981E-01    0.266E-02    0.267E-02    0.105E-02    0.105E-02    0.000E+00    0.000E+00    0.000E+00    0.000E+00
     1.500     0.500    0.381E+00    0.117E+00    0.907E-01    0.229E-02    0.230E-02    0.907E-03    0.907E-03    0.000E+00    0.000E+00    0.000E+00    0.000E+00
     1.500     0.510    0.364E+00    0.108E+00    0.835E-01    0.197E-02    0.197E-02    0.778E-03    0.778E-03    0.000E+00    0.000E+00    0.000E+00    0.000E+00
     1.500     0.520    0.347E+00    0.996E-01    0.767E-01    0.168E-02    0.168E-02    0.665E-03    0.665E-03    0.000E+00    0.000E+00    0.000E+00    0.000E+00
     1.500     0.530    0.330E+00    0.916E-01    0.702E-01    0.143E-02    0.143E-02    0.566E-03    0.566E-03    0.000E+00    0.000E+00    0.000E+00    0.000E+00
     1.500     0.540    0.313E+00    0.839E-01    0.640E-01    0.121E-02    0.121E-02    0.480E-03    0.480E-03    0.000E+00    0.000E+00    0.000E+00    0.000E+00
     1.500     0.550    0.296E+00    0.767E-01    0.581E-01    0.102E-02    0.102E-02    0.405E-03    0.405E-03    0.000E+00    0.000E+00    0.000E+00    0.000E+00
     1.500     0.560    0.280E+00    0.698E-01    0.526E-01    0.860E-03    0.860E-03    0.340E-03    0.340E-03    0.000E+00    0.000E+00    0.000E+00    0.000E+00
     1.500     0.570    0.264E+00    0.634E-01    0.474E-01    0.720E-03    0.720E-03    0.285E-03    0.285E-03    0.000E+00    0.000E+00    0.000E+00    0.000E+00
     1.500     0.580    0.249E+00    0.574E-01    0.426E-01    0.599E-03    0.599E-03    0.237E-03    0.237E-03    0.000E+00    0.000E+00    0.000E+00    0.000E+00
     1.500     0.590    0.234E+00    0.517E-01    0.380E-01    0.497E-03    0.497E-03    0.197E-03    0.197E-03    0.000E+00    0.000E+00    0.000E+00    0.000E+00
     1.500     0.600    0.219E+00    0.465E-01    0.338E-01    0.410E-03    0.410E-03    0.162E-03    0.162E-03    0.000E+00    0.000E+00    0.000E+00    0.000E+00
     1.500     0.610    0.205E+00    0.416E-01    0.300E-01    0.336E-03    0.336E-03    0.133E-03    0.133E-03    0.000E+00    0.000E+00    0.000E+00    0.000E+00
     1.500     0.620    0.191E+00    0.372E-01    0.264E-01    0.274E-03    0.274E-03    0.109E-03    0.109E-03    0.000E+00    0.000E+00    0.000E+00    0.000E+00
     1.500     0.630    0.177E+00    0.330E-01    0.232E-01    0.222E-03    0.222E-03    0.883E-04    0.883E-04    0.000E+00    0.000E+00    0.000E+00    0.000E+00
     1.500     0.640    0.164E+00    0.293E-01    0.202E-01    0.179E-03    0.179E-03    0.712E-04    0.712E-04    0.000E+00    0.000E+00    0.000E+00    0.000E+00
     1.500     0.650    0.152E+00    0.258E-01    0.175E-01    0.144E-03    0.144E-03    0.570E-04    0.570E-04    0.000E+00    0.000E+00    0.000E+00    0.000E+00
     1.500     0.660    0.140E+00    0.227E-01    0.151E-01    0.114E-03    0.114E-03    0.454E-04    0.454E-04    0.000E+00    0.000E+00    0.000E+00    0.000E+00
     1.500     0.670    0.129E+00    0.199E-01    0.129E-01    0.901E-04    0.901E-04    0.359E-04    0.359E-04    0.000E+00    0.000E+00    0.000E+00    0.000E+00
     1.500     0.680    0.118E+00    0.174E-01    0.110E-01    0.706E-04    0.706E-04    0.281E-04    0.281E-04    0.000E+00    0.000E+00    0.000E+00    0.000E+00
     1.500     0.690    0.107E+00    0.151E-01    0.931E-02    0.548E-04    0.548E-04    0.219E-04    0.219E-04    0.000E+00    0.000E+00    0.000E+00    0.000E+00
     1.500     0.700    0.975E-01    0.131E-01    0.781E-02    0.423E-04    0.423E-04    0.169E-04    0.169E-04    0.000E+00    0.000E+00    0.000E+00    0.000E+00
     1.500     0.710    0.882E-01    0.113E-01    0.650E-02    0.322E-04    0.322E-04    0.129E-04    0.129E-04    0.000E+00    0.000E+00    0.000E+00    0.000E+00
     1.500     0.720    0.794E-01    0.966E-02    0.537E-02    0.244E-04    0.244E-04    0.976E-05    0.976E-05    0.000E+00    0.000E+00    0.000E+00    0.000E+00
     1.500     0.730    0.712E-01    0.825E-02    0.439E-02    0.182E-04    0.182E-04    0.729E-05    0.729E-05    0.410E-08    0.410E-08    0.000E+00    0.000E+00
     1.500     0.740    0.635E-01    0.702E-02    0.356E-02    0.134E-04    0.134E-04    0.540E-05    0.540E-05    0.170E-08    0.170E-08    0.000E+00    0.000E+00
     1.500     0.750    0.564E-01    0.595E-02    0.286E-02    0.980E-05    0.980E-05    0.395E-05    0.395E-05    0.000E+00    0.000E+00    0.000E+00    0.000E+00
     1.500     0.760    0.497E-01    0.502E-02    0.227E-02    0.705E-05    0.705E-05    0.285E-05    0.285E-05    0.000E+00    0.000E+00    0.000E+00    0.000E+00
     1.500     0.770    0.436E-01    0.421E-02    0.178E-02    0.501E-05    0.501E-05    0.203E-05    0.203E-05    0.000E+00    0.000E+00    0.000E+00    0.000E+00
     1.500     0.780    0.379E-01    0.351E-02    0.138E-02    0.349E-05    0.349E-05    0.142E-05    0.142E-05    0.000E+00    0.000E+00    0.000E+00    0.000E+00
     1.500     0.790    0.328E-01    0.292E-02    0.105E-02    0.241E-05    0.241E-05    0.980E-06    0.980E-06    0.000E+00    0.000E+00    0.000E+00    0.000E+00
     1.500     0.800    0.281E-01    0.241E-02    0.790E-03    0.161E-05    0.161E-05    0.658E-06    0.658E-06    0.000E+00    0.000E+00    0.000E+00    0.000E+00
     1.500     0.810    0.239E-01    0.198E-02    0.584E-03    0.107E-05    0.107E-05    0.437E-06    0.437E-06    0.000E+00    0.000E+00    0.000E+00    0.000E+00
     1.500     0.820    0.201E-01    0.161E-02    0.423E-03    0.683E-06    0.683E-06    0.282E-06    0.282E-06    0.000E+00    0.000E+00    0.000E+00    0.000E+00
     1.500     0.830    0.167E-01    0.130E-02    0.301E-03    0.427E-06    0.427E-06    0.177E-06    0.177E-06    0.000E+00    0.000E+00    0.000E+00    0.000E+00
     1.500     0.840    0.137E-01    0.105E-02    0.209E-03    0.262E-06    0.262E-06    0.109E-06    0.109E-06    0.000E+00    0.000E+00    0.000E+00    0.000E+00
     1.500     0.850    0.111E-01    0.830E-03    0.140E-03    0.152E-06    0.152E-06    0.639E-07    0.639E-07    0.000E+00    0.000E+00    0.000E+00    0.000E+00
     1.500     0.860    0.886E-02    0.652E-03    0.925E-04    0.884E-07    0.884E-07    0.375E-07    0.375E-07    0.000E+00    0.000E+00    0.000E+00    0.000E+00
     1.500     0.870    0.694E-02    0.504E-03    0.579E-04    0.458E-07    0.458E-07    0.197E-07    0.197E-07    0.000E+00    0.000E+00    0.000E+00    0.000E+00
     1.500     0.880    0.532E-02    0.383E-03    0.353E-04    0.241E-07    0.241E-07    0.105E-07    0.105E-07    0.000E+00    0.000E+00    0.000E+00    0.000E+00
     1.500     0.890    0.398E-02    0.286E-03    0.202E-04    0.112E-07    0.112E-07    0.497E-08    0.497E-08    0.000E+00    0.000E+00    0.000E+00    0.000E+00
     1.500     0.900    0.289E-02    0.207E-03    0.109E-04    0.471E-08    0.471E-08    0.216E-08    0.216E-08    0.000E+00    0.000E+00    0.000E+00    0.000E+00
     1.500     0.910    0.203E-02    0.146E-03    0.549E-05    0.202E-08    0.202E-08    0.945E-09    0.945E-09    0.000E+00    0.000E+00    0.000E+00    0.000E+00
     1.500     0.920    0.136E-02    0.986E-04    0.234E-05    0.451E-09    0.451E-09    0.227E-09    0.227E-09    0.000E+00    0.000E+00    0.000E+00    0.000E+00
     1.500     0.930    0.866E-03    0.634E-04    0.103E-05    0.242E-09    0.242E-09    0.102E-09    0.102E-09    0.000E+00    0.000E+00    0.000E+00    0.000E+00
     1.500     0.940    0.509E-03    0.378E-04    0.216E-06    0.000E+00    0.000E+00    0.000E+00    0.000E+00    0.000E+00    0.000E+00    0.000E+00    0.000E+00
     1.500     0.950    0.270E-03    0.204E-04    0.335E-07    0.000E+00    0.000E+00    0.000E+00    0.000E+00    0.000E+00    0.000E+00    0.000E+00    0.000E+00
     1.500     0.960    0.114E-03    0.873E-05    0.000E+00    0.000E+00    0.000E+00    0.000E+00    0.000E+00    0.000E+00    0.000E+00    0.000E+00    0.000E+00
     1.500     0.970    0.239E-04    0.189E-05    0.000E+00    0.000E+00    0.000E+00    0.000E+00    0.000E+00    0.000E+00    0.000E+00    0.000E+00    0.000E+00
     1.500     0.980    0.000E+00    0.000E+00    0.335E-07    0.118E-10    0.118E-10    0.522E-11    0.522E-11    0.000E+00    0.000E+00    0.000E+00    0.000E+00
     1.500     0.990    0.000E+00    0.000E+00    0.699E-07    0.227E-10    0.227E-10    0.980E-11    0.980E-11    0.000E+00    0.000E+00    0.000E+00    0.000E+00

