     Q**2          x         u           d           g          ub          db          sb          s          cb          c          bb          b
     1.500     0.010    0.320E+00    0.276E+00    0.159E+01    0.182E+00    0.201E+00    0.706E-01    0.706E-01    0.000E+00    0.000E+00    0.000E+00    0.000E+00
     1.500     0.020    0.374E+00    0.320E+00    0.206E+01    0.163E+00    0.184E+00    0.646E-01    0.646E-01    0.000E+00    0.000E+00    0.000E+00    0.000E+00
     1.500     0.030    0.425E+00    0.357E+00    0.224E+01    0.154E+00    0.173E+00    0.616E-01    0.616E-01    0.000E+00    0.000E+00    0.000E+00    0.000E+00
     1.500     0.040    0.471E+00    0.385E+00    0.225E+01    0.148E+00    0.166E+00    0.597E-01    0.597E-01    0.000E+00    0.000E+00    0.000E+00    0.000E+00
     1.500     0.050    0.510E+00    0.407E+00    0.219E+01    0.141E+00    0.161E+00    0.578E-01    0.578E-01    0.000E+00    0.000E+00    0.000E+00    0.000E+00
     1.500     0.060    0.543E+00    0.423E+00    0.209E+01    0.134E+00    0.156E+00    0.558E-01    0.558E-01    0.000E+00    0.000E+00    0.000E+00    0.000E+00
     1.500     0.070    0.572E+00    0.434E+00    0.197E+01    0.126E+00    0.153E+00    0.538E-01    0.538E-01    0.000E+00    0.000E+00    0.000E+00    0.000E+00
     1.500     0.080    0.597E+00    0.443E+00    0.184E+01    0.117E+00    0.149E+00    0.517E-01    0.517E-01    0.000E+00    0.000E+00    0.000E+00    0.000E+00
     1.500     0.090    0.620E+00    0.448E+00    0.171E+01    0.109E+00    0.145E+00    0.495E-01    0.495E-01    0.000E+00    0.000E+00    0.000E+00    0.000E+00
     1.500     0.100    0.639E+00    0.451E+00    0.158E+01    0.100E+00    0.141E+00    0.472E-01    0.472E-01    0.000E+00    0.000E+00    0.000E+00    0.000E+00
     1.500     0.110    0.657E+00    0.452E+00    0.145E+01    0.928E-01    0.137E+00    0.449E-01    0.449E-01    0.000E+00    0.000E+00    0.000E+00    0.000E+00
     1.500     0.120    0.672E+00    0.452E+00    0.133E+01    0.856E-01    0.131E+00    0.425E-01    0.425E-01    0.000E+00    0.000E+00    0.000E+00    0.000E+00
     1.500     0.130    0.686E+00    0.449E+00    0.122E+01    0.792E-01    0.126E+00    0.402E-01    0.402E-01    0.000E+00    0.000E+00    0.000E+00    0.000E+00
     1.500     0.140    0.699E+00    0.446E+00    0.112E+01    0.734E-01    0.119E+00    0.379E-01    0.379E-01    0.000E+00    0.000E+00    0.000E+00    0.000E+00
     1.500     0.150    0.710E+00    0.442E+00    0.102E+01    0.682E-01    0.113E+00    0.356E-01    0.356E-01    0.000E+00    0.000E+00    0.000E+00    0.000E+00
     1.500     0.160    0.719E+00    0.437E+00    0.936E+00    0.635E-01    0.106E+00    0.334E-01    0.334E-01    0.000E+00    0.000E+00    0.000E+00    0.000E+00
     1.500     0.170    0.726E+00    0.431E+00    0.857E+00    0.593E-01    0.991E-01    0.312E-01    0.312E-01    0.000E+00    0.000E+00    0.000E+00    0.000E+00
     1.500     0.180    0.733E+00    0.425E+00    0.785E+00    0.554E-01    0.922E-01    0.291E-01    0.291E-01    0.000E+00    0.000E+00    0.000E+00    0.000E+00
     1.500     0.190    0.737E+00    0.419E+00    0.720E+00    0.519E-01    0.853E-01    0.271E-01    0.271E-01    0.000E+00    0.000E+00    0.000E+00    0.000E+00
     1.500     0.200    0.740E+00    0.412E+00    0.662E+00    0.487E-01    0.787E-01    0.251E-01    0.251E-01    0.000E+00    0.000E+00    0.000E+00    0.000E+00
     1.500     0.210    0.742E+00    0.405E+00    0.609E+00    0.456E-01    0.722E-01    0.233E-01    0.233E-01    0.000E+00    0.000E+00    0.000E+00    0.000E+00
     1.500     0.220    0.742E+00    0.398E+00    0.562E+00    0.428E-01    0.661E-01    0.215E-01    0.215E-01    0.000E+00    0.000E+00    0.000E+00    0.000E+00
     1.500     0.230    0.741E+00    0.390E+00    0.519E+00    0.401E-01    0.603E-01    0.198E-01    0.198E-01    0.000E+00    0.000E+00    0.000E+00    0.000E+00
     1.500     0.240    0.738E+00    0.382E+00    0.481E+00    0.375E-01    0.548E-01    0.182E-01    0.182E-01    0.000E+00    0.000E+00    0.000E+00    0.000E+00
     1.500     0.250    0.734E+00    0.374E+00    0.446E+00    0.351E-01    0.496E-01    0.167E-01    0.167E-01    0.000E+00    0.000E+00    0.000E+00    0.000E+00
     1.500     0.260    0.729E+00    0.365E+00    0.415E+00    0.327E-01    0.448E-01    0.153E-01    0.153E-01    0.000E+00    0.000E+00    0.000E+00    0.000E+00
     1.500     0.270    0.723E+00    0.356E+00    0.387E+00    0.304E-01    0.404E-01    0.140E-01    0.140E-01    0.000E+00    0.000E+00    0.000E+00    0.000E+00
     1.500     0.280    0.715E+00    0.347E+00    0.361E+00    0.282E-01    0.364E-01    0.128E-01    0.128E-01    0.000E+00    0.000E+00    0.000E+00    0.000E+00
     1.500     0.290    0.706E+00    0.338E+00    0.338E+00    0.261E-01    0.326E-01    0.116E-01    0.116E-01    0.000E+00    0.000E+00    0.000E+00    0.000E+00
     1.500     0.300    0.696E+00    0.328E+00    0.316E+00    0.241E-01    0.293E-01    0.106E-01    0.106E-01    0.000E+00    0.000E+00    0.000E+00    0.000E+00
     1.500     0.310    0.686E+00    0.318E+00    0.297E+00    0.221E-01    0.262E-01    0.956E-02    0.956E-02    0.000E+00    0.000E+00    0.000E+00    0.000E+00
     1.500     0.320    0.674E+00    0.308E+00    0.279E+00    0.202E-01    0.234E-01    0.864E-02    0.864E-02    0.000E+00    0.000E+00    0.000E+00    0.000E+00
     1.500     0.330    0.662E+00    0.297E+00    0.262E+00    0.185E-01    0.209E-01    0.779E-02    0.779E-02    0.000E+00    0.000E+00    0.000E+00    0.000E+00
     1.500     0.340    0.648E+00    0.287E+00    0.246E+00    0.168E-01    0.186E-01    0.700E-02    0.700E-02    0.000E+00    0.000E+00    0.000E+00    0.000E+00
     1.500     0.350    0.634E+00    0.276E+00    0.232E+00    0.152E-01    0.166E-01    0.628E-02    0.628E-02    0.000E+00    0.000E+00    0.000E+00    0.000E+00
     1.500     0.360    0.620E+00    0.265E+00    0.218E+00    0.137E-01    0.147E-01    0.563E-02    0.563E-02    0.000E+00    0.000E+00    0.000E+00    0.000E+00
     1.500     0.370    0.605E+00    0.254E+00    0.205E+00    0.123E-01    0.131E-01    0.502E-02    0.502E-02    0.000E+00    0.000E+00    0.000E+00    0.000E+00
     1.500     0.380    0.589E+00    0.242E+00    0.193E+00    0.110E-01    0.116E-01    0.448E-02    0.448E-02    0.000E+00    0.000E+00    0.000E+00    0.000E+00
     1.500     0.390    0.573E+00    0.231E+00    0.181E+00    0.986E-02    0.102E-01    0.398E-02    0.398E-02    0.000E+00    0.000E+00    0.000E+00    0.000E+00
     1.500     0.400    0.557E+00    0.220E+00    0.170E+00    0.877E-02    0.904E-02    0.353E-02    0.353E-02    0.000E+00    0.000E+00    0.000E+00    0.000E+00
     1.500     0.410    0.540E+00    0.209E+00    0.159E+00    0.778E-02    0.797E-02    0.312E-02    0.312E-02    0.000E+00    0.000E+00    0.000E+00    0.000E+00
     1.500     0.420    0.523E+00    0.197E+00    0.149E+00    0.688E-02    0.700E-02    0.275E-02    0.275E-02    0.000E+00    0.000E+00    0.000E+00    0.000E+00
     1.500     0.430    0.506E+00    0.186E+00    0.139E+00    0.606E-02    0.615E-02    0.242E-02    0.242E-02    0.000E+00    0.000E+00    0.000E+00    0.000E+00
     1.500     0.440    0.488E+00    0.176E+00    0.130E+00    0.532E-02    0.538E-02    0.212E-02    0.212E-02    0.000E+00    0.000E+00    0.000E+00    0.000E+00
     1.500     0.450    0.471E+00    0.165E+00    0.121E+00    0.466E-02    0.470E-02    0.185E-02    0.185E-02    0.000E+00    0.000E+00    0.000E+00    0.000E+00
     1.500     0.460    0.453E+00    0.155E+00    0.112E+00    0.406E-02    0.409E-02    0.161E-02    0.161E-02    0.000E+00    0.000E+00    0.000E+00    0.000E+00
     1.500     0.470    0.435E+00    0.144E+00    0.104E+00    0.353E-02    0.355E-02    0.140E-02    0.140E-02    0.000E+00    0.000E+00    0.000E+00    0.000E+00
     1.500     0.480    0.418E+00    0.135E+00    0.961E-01    0.306E-02    0.307E-02    0.121E-02    0.121E-02    0.000E+00    0.000E+00    0.000E+00    0.000E+00
     1.500     0.490    0.400E+00    0.125E+00    0.886E-01    0.264E-02    0.265E-02    0.105E-02    0.105E-02    0.000E+00    0.000E+00    0.000E+00    0.000E+00
     1.500     0.500    0.382E+00    0.116E+00    0.815E-01    0.227E-02    0.228E-02    0.901E-03    0.901E-03    0.000E+00    0.000E+00    0.000E+00    0.000E+00
     1.500     0.510    0.365E+00    0.107E+00    0.747E-01    0.195E-02    0.195E-02    0.772E-03    0.772E-03    0.000E+00    0.000E+00    0.000E+00    0.000E+00
     1.500     0.520    0.348E+00    0.986E-01    0.683E-01    0.166E-02    0.167E-02    0.660E-03    0.660E-03    0.000E+00    0.000E+00    0.000E+00    0.000E+00
     1.500     0.530    0.331E+00    0.905E-01    0.622E-01    0.142E-02    0.142E-02    0.561E-03    0.561E-03    0.000E+00    0.000E+00    0.000E+00    0.000E+00
     1.500     0.540    0.314E+00    0.829E-01    0.565E-01    0.120E-02    0.120E-02    0.476E-03    0.476E-03    0.000E+00    0.000E+00    0.000E+00    0.000E+00
     1.500     0.550    0.297E+00    0.757E-01    0.511E-01    0.101E-02    0.101E-02    0.401E-03    0.401E-03    0.000E+00    0.000E+00    0.000E+00    0.000E+00
     1.500     0.560    0.281E+00    0.689E-01    0.461E-01    0.851E-03    0.851E-03    0.337E-03    0.337E-03    0.000E+00    0.000E+00    0.000E+00    0.000E+00
     1.500     0.570    0.265E+00    0.625E-01    0.414E-01    0.712E-03    0.712E-03    0.282E-03    0.282E-03    0.000E+00    0.000E+00    0.000E+00    0.000E+00
     1.500     0.580    0.249E+00    0.566E-01    0.370E-01    0.593E-03    0.593E-03    0.235E-03    0.235E-03    0.000E+00    0.000E+00    0.000E+00    0.000E+00
     1.500     0.590    0.234E+00    0.510E-01    0.330E-01    0.491E-03    0.491E-03    0.195E-03    0.195E-03    0.000E+00    0.000E+00    0.000E+00    0.000E+00
     1.500     0.600    0.219E+00    0.459E-01    0.292E-01    0.405E-03    0.405E-03    0.161E-03    0.161E-03    0.000E+00    0.000E+00    0.000E+00    0.000E+00
     1.500     0.610    0.205E+00    0.411E-01    0.258E-01    0.332E-03    0.332E-03    0.132E-03    0.132E-03    0.000E+00    0.000E+00    0.000E+00    0.000E+00
     1.500     0.620    0.191E+00    0.367E-01    0.227E-01    0.270E-03    0.270E-03    0.107E-03    0.107E-03    0.000E+00    0.000E+00    0.000E+00    0.000E+00
     1.500     0.630    0.178E+00    0.327E-01    0.198E-01    0.219E-03    0.219E-03    0.872E-04    0.872E-04    0.000E+00    0.000E+00    0.000E+00    0.000E+00
     1.500     0.640    0.165E+00    0.290E-01    0.172E-01    0.177E-03    0.177E-03    0.702E-04    0.702E-04    0.000E+00    0.000E+00    0.000E+00    0.000E+00
     1.500     0.650    0.152E+00    0.256E-01    0.149E-01    0.141E-03    0.141E-03    0.563E-04    0.563E-04    0.000E+00    0.000E+00    0.000E+00    0.000E+00
     1.500     0.660    0.140E+00    0.226E-01    0.128E-01    0.112E-03    0.112E-03    0.447E-04    0.447E-04    0.000E+00    0.000E+00    0.000E+00    0.000E+00
     1.500     0.670    0.129E+00    0.198E-01    0.109E-01    0.887E-04    0.887E-04    0.353E-04    0.353E-04    0.000E+00    0.000E+00    0.000E+00    0.000E+00
     1.500     0.680    0.118E+00    0.174E-01    0.928E-02    0.694E-04    0.694E-04    0.277E-04    0.277E-04    0.000E+00    0.000E+00    0.000E+00    0.000E+00
     1.500     0.690    0.107E+00    0.152E-01    0.782E-02    0.539E-04    0.539E-04    0.215E-04    0.215E-04    0.000E+00    0.000E+00    0.000E+00    0.000E+00
     1.500     0.700    0.975E-01    0.132E-01    0.655E-02    0.415E-04    0.415E-04    0.166E-04    0.166E-04    0.000E+00    0.000E+00    0.000E+00    0.000E+00
     1.500     0.710    0.882E-01    0.114E-01    0.544E-02    0.316E-04    0.316E-04    0.126E-04    0.126E-04    0.000E+00    0.000E+00    0.000E+00    0.000E+00
     1.500     0.720    0.794E-01    0.985E-02    0.448E-02    0.239E-04    0.239E-04    0.957E-05    0.957E-05    0.000E+00    0.000E+00    0.000E+00    0.000E+00
     1.500     0.730    0.712E-01    0.847E-02    0.365E-02    0.178E-04    0.178E-04    0.714E-05    0.714E-05    0.317E-08    0.317E-08    0.000E+00    0.000E+00
     1.500     0.740    0.634E-01    0.726E-02    0.295E-02    0.132E-04    0.132E-04    0.528E-05    0.528E-05    0.132E-08    0.132E-08    0.000E+00    0.000E+00
     1.500     0.750    0.563E-01    0.620E-02    0.236E-02    0.958E-05    0.958E-05    0.385E-05    0.385E-05    0.000E+00    0.000E+00    0.000E+00    0.000E+00
     1.500     0.760    0.496E-01    0.527E-02    0.187E-02    0.689E-05    0.689E-05    0.278E-05    0.278E-05    0.000E+00    0.000E+00    0.000E+00    0.000E+00
     1.500     0.770    0.435E-01    0.447E-02    0.146E-02    0.489E-05    0.489E-05    0.198E-05    0.198E-05    0.000E+00    0.000E+00    0.000E+00    0.000E+00
     1.500     0.780    0.378E-01    0.376E-02    0.113E-02    0.340E-05    0.340E-05    0.138E-05    0.138E-05    0.000E+00    0.000E+00    0.000E+00    0.000E+00
     1.500     0.790    0.327E-01    0.316E-02    0.860E-03    0.234E-05    0.234E-05    0.952E-06    0.952E-06    0.000E+00    0.000E+00    0.000E+00    0.000E+00
     1.500     0.800    0.280E-01    0.264E-02    0.644E-03    0.156E-05    0.156E-05    0.637E-06    0.637E-06    0.000E+00    0.000E+00    0.000E+00    0.000E+00
     1.500     0.810    0.237E-01    0.219E-02    0.475E-03    0.103E-05    0.103E-05    0.423E-06    0.423E-06    0.000E+00    0.000E+00    0.000E+00    0.000E+00
     1.500     0.820    0.200E-01    0.180E-02    0.343E-03    0.662E-06    0.662E-06    0.272E-06    0.272E-06    0.000E+00    0.000E+00    0.000E+00    0.000E+00
     1.500     0.830    0.166E-01    0.148E-02    0.243E-03    0.413E-06    0.413E-06    0.171E-06    0.171E-06    0.000E+00    0.000E+00    0.000E+00    0.000E+00
     1.500     0.840    0.136E-01    0.120E-02    0.168E-03    0.253E-06    0.253E-06    0.105E-06    0.105E-06    0.000E+00    0.000E+00    0.000E+00    0.000E+00
     1.500     0.850    0.110E-01    0.960E-03    0.112E-03    0.146E-06    0.146E-06    0.611E-07    0.611E-07    0.000E+00    0.000E+00    0.000E+00    0.000E+00
     1.500     0.860    0.879E-02    0.762E-03    0.737E-04    0.850E-07    0.850E-07    0.358E-07    0.358E-07    0.000E+00    0.000E+00    0.000E+00    0.000E+00
     1.500     0.870    0.688E-02    0.594E-03    0.459E-04    0.439E-07    0.439E-07    0.187E-07    0.187E-07    0.000E+00    0.000E+00    0.000E+00    0.000E+00
     1.500     0.880    0.527E-02    0.456E-03    0.278E-04    0.230E-07    0.230E-07    0.993E-08    0.993E-08    0.000E+00    0.000E+00    0.000E+00    0.000E+00
     1.500     0.890    0.394E-02    0.342E-03    0.158E-04    0.106E-07    0.106E-07    0.466E-08    0.466E-08    0.000E+00    0.000E+00    0.000E+00    0.000E+00
     1.500     0.900    0.286E-02    0.250E-03    0.842E-05    0.445E-08    0.445E-08    0.201E-08    0.201E-08    0.000E+00    0.000E+00    0.000E+00    0.000E+00
     1.500     0.910    0.200E-02    0.177E-03    0.421E-05    0.190E-08    0.190E-08    0.875E-09    0.875E-09    0.000E+00    0.000E+00    0.000E+00    0.000E+00
     1.500     0.920    0.134E-02    0.120E-03    0.176E-05    0.413E-09    0.413E-09    0.206E-09    0.206E-09    0.000E+00    0.000E+00    0.000E+00    0.000E+00
     1.500     0.930    0.850E-03    0.774E-04    0.763E-06    0.226E-09    0.226E-09    0.970E-10    0.970E-10    0.000E+00    0.000E+00    0.000E+00    0.000E+00
     1.500     0.940    0.499E-03    0.462E-04    0.141E-06    0.000E+00    0.000E+00    0.000E+00    0.000E+00    0.000E+00    0.000E+00    0.000E+00    0.000E+00
     1.500     0.950    0.264E-03    0.249E-04    0.136E-07    0.000E+00    0.000E+00    0.000E+00    0.000E+00    0.000E+00    0.000E+00    0.000E+00    0.000E+00
     1.500     0.960    0.111E-03    0.107E-04    0.000E+00    0.000E+00    0.000E+00    0.000E+00    0.000E+00    0.000E+00    0.000E+00    0.000E+00    0.000E+00
     1.500     0.970    0.232E-04    0.231E-05    0.000E+00    0.000E+00    0.000E+00    0.000E+00    0.000E+00    0.000E+00    0.000E+00    0.000E+00    0.000E+00
     1.500     0.980    0.000E+00    0.000E+00    0.264E-07    0.111E-10    0.111E-10    0.491E-11    0.491E-11    0.000E+00    0.000E+00    0.000E+00    0.000E+00
     1.500     0.990    0.000E+00    0.000E+00    0.546E-07    0.213E-10    0.213E-10    0.929E-11    0.929E-11    0.000E+00    0.000E+00    0.000E+00    0.000E+00

