     Q**2          x         u           d           g          ub          db          sb          s          cb          c          bb          b
     1.500     0.010    0.364E+00    0.333E+00    0.156E+01    0.224E+00    0.245E+00    0.903E-01    0.903E-01    0.000E+00    0.000E+00    0.000E+00    0.000E+00
     1.500     0.020    0.381E+00    0.348E+00    0.159E+01    0.189E+00    0.209E+00    0.767E-01    0.767E-01    0.000E+00    0.000E+00    0.000E+00    0.000E+00
     1.500     0.030    0.404E+00    0.362E+00    0.159E+01    0.169E+00    0.186E+00    0.684E-01    0.684E-01    0.000E+00    0.000E+00    0.000E+00    0.000E+00
     1.500     0.040    0.428E+00    0.372E+00    0.158E+01    0.156E+00    0.169E+00    0.626E-01    0.626E-01    0.000E+00    0.000E+00    0.000E+00    0.000E+00
     1.500     0.050    0.451E+00    0.381E+00    0.157E+01    0.143E+00    0.156E+00    0.577E-01    0.577E-01    0.000E+00    0.000E+00    0.000E+00    0.000E+00
     1.500     0.060    0.473E+00    0.388E+00    0.154E+01    0.132E+00    0.146E+00    0.536E-01    0.536E-01    0.000E+00    0.000E+00    0.000E+00    0.000E+00
     1.500     0.070    0.493E+00    0.394E+00    0.151E+01    0.121E+00    0.138E+00    0.501E-01    0.501E-01    0.000E+00    0.000E+00    0.000E+00    0.000E+00
     1.500     0.080    0.512E+00    0.399E+00    0.147E+01    0.111E+00    0.131E+00    0.468E-01    0.468E-01    0.000E+00    0.000E+00    0.000E+00    0.000E+00
     1.500     0.090    0.530E+00    0.402E+00    0.143E+01    0.102E+00    0.125E+00    0.439E-01    0.439E-01    0.000E+00    0.000E+00    0.000E+00    0.000E+00
     1.500     0.100    0.547E+00    0.405E+00    0.139E+01    0.937E-01    0.119E+00    0.413E-01    0.413E-01    0.000E+00    0.000E+00    0.000E+00    0.000E+00
     1.500     0.110    0.564E+00    0.406E+00    0.134E+01    0.861E-01    0.114E+00    0.388E-01    0.388E-01    0.000E+00    0.000E+00    0.000E+00    0.000E+00
     1.500     0.120    0.580E+00    0.406E+00    0.130E+01    0.794E-01    0.109E+00    0.365E-01    0.365E-01    0.000E+00    0.000E+00    0.000E+00    0.000E+00
     1.500     0.130    0.594E+00    0.406E+00    0.125E+01    0.735E-01    0.104E+00    0.344E-01    0.344E-01    0.000E+00    0.000E+00    0.000E+00    0.000E+00
     1.500     0.140    0.608E+00    0.404E+00    0.120E+01    0.683E-01    0.987E-01    0.324E-01    0.324E-01    0.000E+00    0.000E+00    0.000E+00    0.000E+00
     1.500     0.150    0.621E+00    0.402E+00    0.115E+01    0.637E-01    0.935E-01    0.306E-01    0.306E-01    0.000E+00    0.000E+00    0.000E+00    0.000E+00
     1.500     0.160    0.633E+00    0.399E+00    0.110E+01    0.596E-01    0.884E-01    0.288E-01    0.288E-01    0.000E+00    0.000E+00    0.000E+00    0.000E+00
     1.500     0.170    0.644E+00    0.396E+00    0.104E+01    0.561E-01    0.834E-01    0.272E-01    0.272E-01    0.000E+00    0.000E+00    0.000E+00    0.000E+00
     1.500     0.180    0.653E+00    0.392E+00    0.995E+00    0.529E-01    0.784E-01    0.256E-01    0.256E-01    0.000E+00    0.000E+00    0.000E+00    0.000E+00
     1.500     0.190    0.661E+00    0.387E+00    0.945E+00    0.500E-01    0.736E-01    0.241E-01    0.241E-01    0.000E+00    0.000E+00    0.000E+00    0.000E+00
     1.500     0.200    0.669E+00    0.382E+00    0.896E+00    0.474E-01    0.690E-01    0.227E-01    0.227E-01    0.000E+00    0.000E+00    0.000E+00    0.000E+00
     1.500     0.210    0.674E+00    0.377E+00    0.848E+00    0.450E-01    0.645E-01    0.214E-01    0.214E-01    0.000E+00    0.000E+00    0.000E+00    0.000E+00
     1.500     0.220    0.679E+00    0.371E+00    0.801E+00    0.429E-01    0.601E-01    0.201E-01    0.201E-01    0.000E+00    0.000E+00    0.000E+00    0.000E+00
     1.500     0.230    0.682E+00    0.365E+00    0.756E+00    0.408E-01    0.560E-01    0.190E-01    0.190E-01    0.000E+00    0.000E+00    0.000E+00    0.000E+00
     1.500     0.240    0.684E+00    0.359E+00    0.712E+00    0.389E-01    0.521E-01    0.178E-01    0.178E-01    0.000E+00    0.000E+00    0.000E+00    0.000E+00
     1.500     0.250    0.685E+00    0.352E+00    0.669E+00    0.370E-01    0.484E-01    0.168E-01    0.168E-01    0.000E+00    0.000E+00    0.000E+00    0.000E+00
     1.500     0.260    0.685E+00    0.345E+00    0.627E+00    0.352E-01    0.450E-01    0.157E-01    0.157E-01    0.000E+00    0.000E+00    0.000E+00    0.000E+00
     1.500     0.270    0.683E+00    0.337E+00    0.588E+00    0.335E-01    0.417E-01    0.148E-01    0.148E-01    0.000E+00    0.000E+00    0.000E+00    0.000E+00
     1.500     0.280    0.680E+00    0.330E+00    0.549E+00    0.318E-01    0.387E-01    0.139E-01    0.139E-01    0.000E+00    0.000E+00    0.000E+00    0.000E+00
     1.500     0.290    0.676E+00    0.322E+00    0.513E+00    0.302E-01    0.359E-01    0.130E-01    0.130E-01    0.000E+00    0.000E+00    0.000E+00    0.000E+00
     1.500     0.300    0.671E+00    0.314E+00    0.478E+00    0.286E-01    0.332E-01    0.122E-01    0.122E-01    0.000E+00    0.000E+00    0.000E+00    0.000E+00
     1.500     0.310    0.665E+00    0.306E+00    0.444E+00    0.270E-01    0.308E-01    0.114E-01    0.114E-01    0.000E+00    0.000E+00    0.000E+00    0.000E+00
     1.500     0.320    0.659E+00    0.297E+00    0.412E+00    0.255E-01    0.285E-01    0.106E-01    0.106E-01    0.000E+00    0.000E+00    0.000E+00    0.000E+00
     1.500     0.330    0.651E+00    0.289E+00    0.382E+00    0.240E-01    0.264E-01    0.993E-02    0.993E-02    0.000E+00    0.000E+00    0.000E+00    0.000E+00
     1.500     0.340    0.642E+00    0.280E+00    0.353E+00    0.226E-01    0.244E-01    0.927E-02    0.927E-02    0.000E+00    0.000E+00    0.000E+00    0.000E+00
     1.500     0.350    0.632E+00    0.271E+00    0.326E+00    0.212E-01    0.226E-01    0.864E-02    0.864E-02    0.000E+00    0.000E+00    0.000E+00    0.000E+00
     1.500     0.360    0.622E+00    0.261E+00    0.300E+00    0.198E-01    0.209E-01    0.804E-02    0.804E-02    0.000E+00    0.000E+00    0.000E+00    0.000E+00
     1.500     0.370    0.611E+00    0.252E+00    0.276E+00    0.185E-01    0.193E-01    0.748E-02    0.748E-02    0.000E+00    0.000E+00    0.000E+00    0.000E+00
     1.500     0.380    0.599E+00    0.243E+00    0.253E+00    0.173E-01    0.179E-01    0.694E-02    0.694E-02    0.000E+00    0.000E+00    0.000E+00    0.000E+00
     1.500     0.390    0.587E+00    0.233E+00    0.232E+00    0.161E-01    0.165E-01    0.644E-02    0.644E-02    0.000E+00    0.000E+00    0.000E+00    0.000E+00
     1.500     0.400    0.574E+00    0.224E+00    0.212E+00    0.149E-01    0.152E-01    0.596E-02    0.596E-02    0.000E+00    0.000E+00    0.000E+00    0.000E+00
     1.500     0.410    0.560E+00    0.214E+00    0.193E+00    0.138E-01    0.141E-01    0.552E-02    0.552E-02    0.000E+00    0.000E+00    0.000E+00    0.000E+00
     1.500     0.420    0.546E+00    0.205E+00    0.176E+00    0.128E-01    0.129E-01    0.509E-02    0.509E-02    0.000E+00    0.000E+00    0.000E+00    0.000E+00
     1.500     0.430    0.532E+00    0.195E+00    0.160E+00    0.118E-01    0.119E-01    0.470E-02    0.470E-02    0.000E+00    0.000E+00    0.000E+00    0.000E+00
     1.500     0.440    0.517E+00    0.186E+00    0.145E+00    0.109E-01    0.109E-01    0.432E-02    0.432E-02    0.000E+00    0.000E+00    0.000E+00    0.000E+00
     1.500     0.450    0.502E+00    0.176E+00    0.131E+00    0.998E-02    0.100E-01    0.397E-02    0.397E-02    0.000E+00    0.000E+00    0.000E+00    0.000E+00
     1.500     0.460    0.486E+00    0.167E+00    0.118E+00    0.916E-02    0.920E-02    0.364E-02    0.364E-02    0.000E+00    0.000E+00    0.000E+00    0.000E+00
     1.500     0.470    0.471E+00    0.158E+00    0.106E+00    0.838E-02    0.841E-02    0.333E-02    0.333E-02    0.000E+00    0.000E+00    0.000E+00    0.000E+00
     1.500     0.480    0.455E+00    0.149E+00    0.953E-01    0.765E-02    0.767E-02    0.304E-02    0.304E-02    0.000E+00    0.000E+00    0.000E+00    0.000E+00
     1.500     0.490    0.439E+00    0.140E+00    0.852E-01    0.698E-02    0.699E-02    0.277E-02    0.277E-02    0.000E+00    0.000E+00    0.000E+00    0.000E+00
     1.500     0.500    0.423E+00    0.132E+00    0.761E-01    0.634E-02    0.635E-02    0.252E-02    0.252E-02    0.000E+00    0.000E+00    0.000E+00    0.000E+00
     1.500     0.510    0.407E+00    0.123E+00    0.677E-01    0.575E-02    0.575E-02    0.229E-02    0.229E-02    0.000E+00    0.000E+00    0.000E+00    0.000E+00
     1.500     0.520    0.390E+00    0.115E+00    0.601E-01    0.520E-02    0.520E-02    0.207E-02    0.207E-02    0.000E+00    0.000E+00    0.000E+00    0.000E+00
     1.500     0.530    0.374E+00    0.107E+00    0.531E-01    0.469E-02    0.469E-02    0.187E-02    0.187E-02    0.000E+00    0.000E+00    0.000E+00    0.000E+00
     1.500     0.540    0.358E+00    0.997E-01    0.468E-01    0.421E-02    0.422E-02    0.168E-02    0.168E-02    0.000E+00    0.000E+00    0.000E+00    0.000E+00
     1.500     0.550    0.342E+00    0.923E-01    0.412E-01    0.378E-02    0.378E-02    0.150E-02    0.150E-02    0.000E+00    0.000E+00    0.000E+00    0.000E+00
     1.500     0.560    0.326E+00    0.853E-01    0.361E-01    0.337E-02    0.337E-02    0.134E-02    0.134E-02    0.000E+00    0.000E+00    0.000E+00    0.000E+00
     1.500     0.570    0.310E+00    0.785E-01    0.315E-01    0.300E-02    0.300E-02    0.119E-02    0.119E-02    0.000E+00    0.000E+00    0.000E+00    0.000E+00
     1.500     0.580    0.295E+00    0.721E-01    0.274E-01    0.266E-02    0.266E-02    0.106E-02    0.106E-02    0.000E+00    0.000E+00    0.000E+00    0.000E+00
     1.500     0.590    0.279E+00    0.660E-01    0.237E-01    0.234E-02    0.234E-02    0.933E-03    0.933E-03    0.000E+00    0.000E+00    0.000E+00    0.000E+00
     1.500     0.600    0.264E+00    0.601E-01    0.205E-01    0.206E-02    0.206E-02    0.819E-03    0.819E-03    0.000E+00    0.000E+00    0.000E+00    0.000E+00
     1.500     0.610    0.249E+00    0.547E-01    0.176E-01    0.180E-02    0.180E-02    0.715E-03    0.715E-03    0.000E+00    0.000E+00    0.000E+00    0.000E+00
     1.500     0.620    0.234E+00    0.495E-01    0.150E-01    0.156E-02    0.156E-02    0.621E-03    0.621E-03    0.000E+00    0.000E+00    0.000E+00    0.000E+00
     1.500     0.630    0.220E+00    0.446E-01    0.128E-01    0.134E-02    0.134E-02    0.535E-03    0.535E-03    0.000E+00    0.000E+00    0.000E+00    0.000E+00
     1.500     0.640    0.206E+00    0.401E-01    0.108E-01    0.115E-02    0.115E-02    0.458E-03    0.458E-03    0.000E+00    0.000E+00    0.000E+00    0.000E+00
     1.500     0.650    0.193E+00    0.359E-01    0.913E-02    0.975E-03    0.975E-03    0.389E-03    0.389E-03    0.000E+00    0.000E+00    0.000E+00    0.000E+00
     1.500     0.660    0.179E+00    0.319E-01    0.765E-02    0.819E-03    0.819E-03    0.327E-03    0.327E-03    0.000E+00    0.000E+00    0.000E+00    0.000E+00
     1.500     0.670    0.167E+00    0.283E-01    0.637E-02    0.680E-03    0.680E-03    0.271E-03    0.271E-03    0.000E+00    0.000E+00    0.000E+00    0.000E+00
     1.500     0.680    0.154E+00    0.250E-01    0.527E-02    0.557E-03    0.557E-03    0.222E-03    0.222E-03    0.000E+00    0.000E+00    0.000E+00    0.000E+00
     1.500     0.690    0.142E+00    0.219E-01    0.434E-02    0.449E-03    0.449E-03    0.179E-03    0.179E-03    0.000E+00    0.000E+00    0.000E+00    0.000E+00
     1.500     0.700    0.131E+00    0.191E-01    0.354E-02    0.355E-03    0.355E-03    0.142E-03    0.142E-03    0.000E+00    0.000E+00    0.000E+00    0.000E+00
     1.500     0.710    0.120E+00    0.166E-01    0.287E-02    0.273E-03    0.273E-03    0.109E-03    0.109E-03    0.000E+00    0.000E+00    0.000E+00    0.000E+00
     1.500     0.720    0.110E+00    0.143E-01    0.231E-02    0.202E-03    0.202E-03    0.807E-04    0.807E-04    0.000E+00    0.000E+00    0.000E+00    0.000E+00
     1.500     0.730    0.997E-01    0.122E-01    0.184E-02    0.142E-03    0.142E-03    0.567E-04    0.567E-04    0.000E+00    0.000E+00    0.000E+00    0.000E+00
     1.500     0.740    0.902E-01    0.104E-01    0.145E-02    0.918E-04    0.918E-04    0.366E-04    0.366E-04    0.000E+00    0.000E+00    0.000E+00    0.000E+00
     1.500     0.750    0.813E-01    0.878E-02    0.113E-02    0.489E-04    0.489E-04    0.195E-04    0.195E-04    0.000E+00    0.000E+00    0.000E+00    0.000E+00
     1.500     0.760    0.728E-01    0.735E-02    0.876E-03    0.154E-04    0.154E-04    0.613E-05    0.613E-05    0.000E+00    0.000E+00    0.000E+00    0.000E+00
     1.500     0.770    0.649E-01    0.610E-02    0.669E-03    0.000E+00    0.000E+00    0.000E+00    0.000E+00    0.000E+00    0.000E+00    0.000E+00    0.000E+00
     1.500     0.780    0.575E-01    0.501E-02    0.504E-03    0.000E+00    0.000E+00    0.000E+00    0.000E+00    0.000E+00    0.000E+00    0.000E+00    0.000E+00
     1.500     0.790    0.506E-01    0.408E-02    0.375E-03    0.000E+00    0.000E+00    0.000E+00    0.000E+00    0.000E+00    0.000E+00    0.000E+00    0.000E+00
     1.500     0.800    0.442E-01    0.331E-02    0.273E-03    0.000E+00    0.000E+00    0.000E+00    0.000E+00    0.000E+00    0.000E+00    0.000E+00    0.000E+00
     1.500     0.810    0.384E-01    0.266E-02    0.196E-03    0.000E+00    0.000E+00    0.000E+00    0.000E+00    0.000E+00    0.000E+00    0.000E+00    0.000E+00
     1.500     0.820    0.330E-01    0.211E-02    0.138E-03    0.000E+00    0.000E+00    0.000E+00    0.000E+00    0.000E+00    0.000E+00    0.000E+00    0.000E+00
     1.500     0.830    0.281E-01    0.164E-02    0.948E-04    0.000E+00    0.000E+00    0.000E+00    0.000E+00    0.000E+00    0.000E+00    0.000E+00    0.000E+00
     1.500     0.840    0.237E-01    0.126E-02    0.636E-04    0.000E+00    0.000E+00    0.000E+00    0.000E+00    0.000E+00    0.000E+00    0.000E+00    0.000E+00
     1.500     0.850    0.197E-01    0.948E-03    0.412E-04    0.000E+00    0.000E+00    0.000E+00    0.000E+00    0.000E+00    0.000E+00    0.000E+00    0.000E+00
     1.500     0.860    0.161E-01    0.702E-03    0.260E-04    0.000E+00    0.000E+00    0.000E+00    0.000E+00    0.000E+00    0.000E+00    0.000E+00    0.000E+00
     1.500     0.870    0.130E-01    0.508E-03    0.154E-04    0.000E+00    0.000E+00    0.000E+00    0.000E+00    0.000E+00    0.000E+00    0.000E+00    0.000E+00
     1.500     0.880    0.103E-01    0.360E-03    0.887E-05    0.000E+00    0.000E+00    0.000E+00    0.000E+00    0.000E+00    0.000E+00    0.000E+00    0.000E+00
     1.500     0.890    0.801E-02    0.247E-03    0.465E-05    0.000E+00    0.000E+00    0.000E+00    0.000E+00    0.000E+00    0.000E+00    0.000E+00    0.000E+00
     1.500     0.900    0.605E-02    0.165E-03    0.223E-05    0.000E+00    0.000E+00    0.000E+00    0.000E+00    0.000E+00    0.000E+00    0.000E+00    0.000E+00
     1.500     0.910    0.443E-02    0.106E-03    0.956E-06    0.000E+00    0.000E+00    0.000E+00    0.000E+00    0.000E+00    0.000E+00    0.000E+00    0.000E+00
     1.500     0.920    0.313E-02    0.653E-04    0.260E-06    0.000E+00    0.000E+00    0.000E+00    0.000E+00    0.000E+00    0.000E+00    0.000E+00    0.000E+00
     1.500     0.930    0.210E-02    0.387E-04    0.595E-07    0.000E+00    0.000E+00    0.000E+00    0.000E+00    0.000E+00    0.000E+00    0.000E+00    0.000E+00
     1.500     0.940    0.132E-02    0.208E-04    0.000E+00    0.000E+00    0.000E+00    0.000E+00    0.000E+00    0.000E+00    0.000E+00    0.000E+00    0.000E+00
     1.500     0.950    0.756E-03    0.105E-04    0.000E+00    0.000E+00    0.000E+00    0.000E+00    0.000E+00    0.000E+00    0.000E+00    0.000E+00    0.000E+00
     1.500     0.960    0.348E-03    0.413E-05    0.000E+00    0.592E-07    0.592E-07    0.237E-07    0.237E-07    0.000E+00    0.000E+00    0.000E+00    0.000E+00
     1.500     0.970    0.822E-04    0.751E-06    0.000E+00    0.142E-06    0.142E-06    0.569E-07    0.569E-07    0.137E-12    0.137E-12    0.000E+00    0.000E+00
     1.500     0.980    0.000E+00    0.000E+00    0.100E-07    0.189E-06    0.189E-06    0.755E-07    0.755E-07    0.000E+00    0.000E+00    0.000E+00    0.000E+00
     1.500     0.990    0.000E+00    0.000E+00    0.183E-07    0.156E-06    0.156E-06    0.625E-07    0.625E-07    0.000E+00    0.000E+00    0.000E+00    0.000E+00

