     Q**2          x         u           d           g          ub          db          sb          s          cb          c          bb          b
     1.500     0.010    0.363E+00    0.332E+00    0.156E+01    0.223E+00    0.244E+00    0.900E-01    0.900E-01    0.000E+00    0.000E+00    0.000E+00    0.000E+00
     1.500     0.020    0.380E+00    0.349E+00    0.159E+01    0.188E+00    0.208E+00    0.764E-01    0.764E-01    0.000E+00    0.000E+00    0.000E+00    0.000E+00
     1.500     0.030    0.403E+00    0.364E+00    0.159E+01    0.169E+00    0.185E+00    0.681E-01    0.681E-01    0.000E+00    0.000E+00    0.000E+00    0.000E+00
     1.500     0.040    0.428E+00    0.376E+00    0.158E+01    0.155E+00    0.168E+00    0.623E-01    0.623E-01    0.000E+00    0.000E+00    0.000E+00    0.000E+00
     1.500     0.050    0.451E+00    0.385E+00    0.156E+01    0.143E+00    0.154E+00    0.574E-01    0.574E-01    0.000E+00    0.000E+00    0.000E+00    0.000E+00
     1.500     0.060    0.473E+00    0.392E+00    0.153E+01    0.132E+00    0.144E+00    0.534E-01    0.534E-01    0.000E+00    0.000E+00    0.000E+00    0.000E+00
     1.500     0.070    0.494E+00    0.397E+00    0.150E+01    0.122E+00    0.136E+00    0.498E-01    0.498E-01    0.000E+00    0.000E+00    0.000E+00    0.000E+00
     1.500     0.080    0.513E+00    0.402E+00    0.146E+01    0.112E+00    0.129E+00    0.466E-01    0.466E-01    0.000E+00    0.000E+00    0.000E+00    0.000E+00
     1.500     0.090    0.531E+00    0.405E+00    0.142E+01    0.103E+00    0.123E+00    0.437E-01    0.437E-01    0.000E+00    0.000E+00    0.000E+00    0.000E+00
     1.500     0.100    0.548E+00    0.407E+00    0.138E+01    0.942E-01    0.118E+00    0.411E-01    0.411E-01    0.000E+00    0.000E+00    0.000E+00    0.000E+00
     1.500     0.110    0.565E+00    0.407E+00    0.134E+01    0.865E-01    0.113E+00    0.386E-01    0.386E-01    0.000E+00    0.000E+00    0.000E+00    0.000E+00
     1.500     0.120    0.580E+00    0.407E+00    0.129E+01    0.795E-01    0.108E+00    0.364E-01    0.364E-01    0.000E+00    0.000E+00    0.000E+00    0.000E+00
     1.500     0.130    0.595E+00    0.406E+00    0.124E+01    0.733E-01    0.103E+00    0.343E-01    0.343E-01    0.000E+00    0.000E+00    0.000E+00    0.000E+00
     1.500     0.140    0.608E+00    0.404E+00    0.119E+01    0.679E-01    0.984E-01    0.323E-01    0.323E-01    0.000E+00    0.000E+00    0.000E+00    0.000E+00
     1.500     0.150    0.621E+00    0.402E+00    0.114E+01    0.630E-01    0.936E-01    0.304E-01    0.304E-01    0.000E+00    0.000E+00    0.000E+00    0.000E+00
     1.500     0.160    0.632E+00    0.399E+00    0.109E+01    0.588E-01    0.887E-01    0.287E-01    0.287E-01    0.000E+00    0.000E+00    0.000E+00    0.000E+00
     1.500     0.170    0.643E+00    0.395E+00    0.105E+01    0.550E-01    0.840E-01    0.271E-01    0.271E-01    0.000E+00    0.000E+00    0.000E+00    0.000E+00
     1.500     0.180    0.652E+00    0.391E+00    0.996E+00    0.516E-01    0.792E-01    0.255E-01    0.255E-01    0.000E+00    0.000E+00    0.000E+00    0.000E+00
     1.500     0.190    0.660E+00    0.386E+00    0.948E+00    0.486E-01    0.746E-01    0.240E-01    0.240E-01    0.000E+00    0.000E+00    0.000E+00    0.000E+00
     1.500     0.200    0.667E+00    0.381E+00    0.900E+00    0.460E-01    0.701E-01    0.227E-01    0.227E-01    0.000E+00    0.000E+00    0.000E+00    0.000E+00
     1.500     0.210    0.673E+00    0.375E+00    0.853E+00    0.435E-01    0.657E-01    0.213E-01    0.213E-01    0.000E+00    0.000E+00    0.000E+00    0.000E+00
     1.500     0.220    0.678E+00    0.369E+00    0.807E+00    0.413E-01    0.615E-01    0.201E-01    0.201E-01    0.000E+00    0.000E+00    0.000E+00    0.000E+00
     1.500     0.230    0.681E+00    0.363E+00    0.762E+00    0.393E-01    0.574E-01    0.189E-01    0.189E-01    0.000E+00    0.000E+00    0.000E+00    0.000E+00
     1.500     0.240    0.683E+00    0.357E+00    0.718E+00    0.374E-01    0.535E-01    0.178E-01    0.178E-01    0.000E+00    0.000E+00    0.000E+00    0.000E+00
     1.500     0.250    0.684E+00    0.350E+00    0.675E+00    0.356E-01    0.498E-01    0.167E-01    0.167E-01    0.000E+00    0.000E+00    0.000E+00    0.000E+00
     1.500     0.260    0.684E+00    0.343E+00    0.634E+00    0.339E-01    0.463E-01    0.157E-01    0.157E-01    0.000E+00    0.000E+00    0.000E+00    0.000E+00
     1.500     0.270    0.682E+00    0.335E+00    0.595E+00    0.323E-01    0.429E-01    0.148E-01    0.148E-01    0.000E+00    0.000E+00    0.000E+00    0.000E+00
     1.500     0.280    0.679E+00    0.328E+00    0.556E+00    0.307E-01    0.398E-01    0.138E-01    0.138E-01    0.000E+00    0.000E+00    0.000E+00    0.000E+00
     1.500     0.290    0.676E+00    0.320E+00    0.520E+00    0.292E-01    0.369E-01    0.130E-01    0.130E-01    0.000E+00    0.000E+00    0.000E+00    0.000E+00
     1.500     0.300    0.671E+00    0.312E+00    0.485E+00    0.277E-01    0.342E-01    0.122E-01    0.122E-01    0.000E+00    0.000E+00    0.000E+00    0.000E+00
     1.500     0.310    0.665E+00    0.304E+00    0.451E+00    0.263E-01    0.316E-01    0.114E-01    0.114E-01    0.000E+00    0.000E+00    0.000E+00    0.000E+00
     1.500     0.320    0.658E+00    0.295E+00    0.419E+00    0.248E-01    0.292E-01    0.106E-01    0.106E-01    0.000E+00    0.000E+00    0.000E+00    0.000E+00
     1.500     0.330    0.650E+00    0.287E+00    0.389E+00    0.235E-01    0.270E-01    0.995E-02    0.995E-02    0.000E+00    0.000E+00    0.000E+00    0.000E+00
     1.500     0.340    0.642E+00    0.278E+00    0.360E+00    0.221E-01    0.250E-01    0.929E-02    0.929E-02    0.000E+00    0.000E+00    0.000E+00    0.000E+00
     1.500     0.350    0.632E+00    0.269E+00    0.332E+00    0.208E-01    0.231E-01    0.866E-02    0.866E-02    0.000E+00    0.000E+00    0.000E+00    0.000E+00
     1.500     0.360    0.622E+00    0.260E+00    0.306E+00    0.195E-01    0.213E-01    0.807E-02    0.807E-02    0.000E+00    0.000E+00    0.000E+00    0.000E+00
     1.500     0.370    0.611E+00    0.250E+00    0.282E+00    0.183E-01    0.197E-01    0.751E-02    0.751E-02    0.000E+00    0.000E+00    0.000E+00    0.000E+00
     1.500     0.380    0.599E+00    0.241E+00    0.259E+00    0.171E-01    0.182E-01    0.697E-02    0.697E-02    0.000E+00    0.000E+00    0.000E+00    0.000E+00
     1.500     0.390    0.587E+00    0.232E+00    0.237E+00    0.160E-01    0.168E-01    0.647E-02    0.647E-02    0.000E+00    0.000E+00    0.000E+00    0.000E+00
     1.500     0.400    0.574E+00    0.222E+00    0.217E+00    0.149E-01    0.155E-01    0.600E-02    0.600E-02    0.000E+00    0.000E+00    0.000E+00    0.000E+00
     1.500     0.410    0.560E+00    0.213E+00    0.198E+00    0.138E-01    0.143E-01    0.555E-02    0.555E-02    0.000E+00    0.000E+00    0.000E+00    0.000E+00
     1.500     0.420    0.546E+00    0.204E+00    0.180E+00    0.128E-01    0.131E-01    0.513E-02    0.513E-02    0.000E+00    0.000E+00    0.000E+00    0.000E+00
     1.500     0.430    0.532E+00    0.194E+00    0.164E+00    0.118E-01    0.121E-01    0.473E-02    0.473E-02    0.000E+00    0.000E+00    0.000E+00    0.000E+00
     1.500     0.440    0.517E+00    0.185E+00    0.148E+00    0.109E-01    0.111E-01    0.436E-02    0.436E-02    0.000E+00    0.000E+00    0.000E+00    0.000E+00
     1.500     0.450    0.502E+00    0.176E+00    0.134E+00    0.100E-01    0.102E-01    0.401E-02    0.401E-02    0.000E+00    0.000E+00    0.000E+00    0.000E+00
     1.500     0.460    0.486E+00    0.166E+00    0.121E+00    0.923E-02    0.933E-02    0.368E-02    0.368E-02    0.000E+00    0.000E+00    0.000E+00    0.000E+00
     1.500     0.470    0.471E+00    0.157E+00    0.109E+00    0.847E-02    0.853E-02    0.337E-02    0.337E-02    0.000E+00    0.000E+00    0.000E+00    0.000E+00
     1.500     0.480    0.455E+00    0.148E+00    0.978E-01    0.775E-02    0.779E-02    0.308E-02    0.308E-02    0.000E+00    0.000E+00    0.000E+00    0.000E+00
     1.500     0.490    0.439E+00    0.140E+00    0.875E-01    0.707E-02    0.710E-02    0.281E-02    0.281E-02    0.000E+00    0.000E+00    0.000E+00    0.000E+00
     1.500     0.500    0.423E+00    0.131E+00    0.782E-01    0.644E-02    0.646E-02    0.256E-02    0.256E-02    0.000E+00    0.000E+00    0.000E+00    0.000E+00
     1.500     0.510    0.407E+00    0.123E+00    0.696E-01    0.585E-02    0.586E-02    0.233E-02    0.233E-02    0.000E+00    0.000E+00    0.000E+00    0.000E+00
     1.500     0.520    0.390E+00    0.115E+00    0.617E-01    0.530E-02    0.531E-02    0.211E-02    0.211E-02    0.000E+00    0.000E+00    0.000E+00    0.000E+00
     1.500     0.530    0.374E+00    0.107E+00    0.546E-01    0.478E-02    0.479E-02    0.190E-02    0.190E-02    0.000E+00    0.000E+00    0.000E+00    0.000E+00
     1.500     0.540    0.358E+00    0.993E-01    0.482E-01    0.431E-02    0.431E-02    0.171E-02    0.171E-02    0.000E+00    0.000E+00    0.000E+00    0.000E+00
     1.500     0.550    0.342E+00    0.920E-01    0.424E-01    0.387E-02    0.387E-02    0.154E-02    0.154E-02    0.000E+00    0.000E+00    0.000E+00    0.000E+00
     1.500     0.560    0.326E+00    0.850E-01    0.371E-01    0.346E-02    0.346E-02    0.138E-02    0.138E-02    0.000E+00    0.000E+00    0.000E+00    0.000E+00
     1.500     0.570    0.310E+00    0.782E-01    0.324E-01    0.309E-02    0.309E-02    0.123E-02    0.123E-02    0.000E+00    0.000E+00    0.000E+00    0.000E+00
     1.500     0.580    0.294E+00    0.718E-01    0.282E-01    0.274E-02    0.274E-02    0.109E-02    0.109E-02    0.000E+00    0.000E+00    0.000E+00    0.000E+00
     1.500     0.590    0.279E+00    0.657E-01    0.244E-01    0.243E-02    0.243E-02    0.966E-03    0.966E-03    0.000E+00    0.000E+00    0.000E+00    0.000E+00
     1.500     0.600    0.264E+00    0.599E-01    0.210E-01    0.214E-02    0.214E-02    0.851E-03    0.851E-03    0.000E+00    0.000E+00    0.000E+00    0.000E+00
     1.500     0.610    0.249E+00    0.544E-01    0.181E-01    0.187E-02    0.187E-02    0.746E-03    0.746E-03    0.000E+00    0.000E+00    0.000E+00    0.000E+00
     1.500     0.620    0.234E+00    0.492E-01    0.155E-01    0.163E-02    0.163E-02    0.650E-03    0.650E-03    0.000E+00    0.000E+00    0.000E+00    0.000E+00
     1.500     0.630    0.220E+00    0.443E-01    0.132E-01    0.141E-02    0.141E-02    0.563E-03    0.563E-03    0.000E+00    0.000E+00    0.000E+00    0.000E+00
     1.500     0.640    0.206E+00    0.398E-01    0.111E-01    0.121E-02    0.121E-02    0.484E-03    0.484E-03    0.000E+00    0.000E+00    0.000E+00    0.000E+00
     1.500     0.650    0.192E+00    0.356E-01    0.939E-02    0.104E-02    0.104E-02    0.414E-03    0.414E-03    0.000E+00    0.000E+00    0.000E+00    0.000E+00
     1.500     0.660    0.179E+00    0.316E-01    0.786E-02    0.878E-03    0.878E-03    0.350E-03    0.350E-03    0.000E+00    0.000E+00    0.000E+00    0.000E+00
     1.500     0.670    0.167E+00    0.280E-01    0.655E-02    0.736E-03    0.736E-03    0.293E-03    0.293E-03    0.000E+00    0.000E+00    0.000E+00    0.000E+00
     1.500     0.680    0.154E+00    0.247E-01    0.542E-02    0.609E-03    0.609E-03    0.243E-03    0.243E-03    0.000E+00    0.000E+00    0.000E+00    0.000E+00
     1.500     0.690    0.142E+00    0.216E-01    0.446E-02    0.498E-03    0.498E-03    0.199E-03    0.199E-03    0.000E+00    0.000E+00    0.000E+00    0.000E+00
     1.500     0.700    0.131E+00    0.188E-01    0.364E-02    0.400E-03    0.400E-03    0.160E-03    0.160E-03    0.000E+00    0.000E+00    0.000E+00    0.000E+00
     1.500     0.710    0.120E+00    0.163E-01    0.295E-02    0.315E-03    0.315E-03    0.126E-03    0.126E-03    0.000E+00    0.000E+00    0.000E+00    0.000E+00
     1.500     0.720    0.110E+00    0.140E-01    0.237E-02    0.241E-03    0.241E-03    0.964E-04    0.964E-04    0.000E+00    0.000E+00    0.000E+00    0.000E+00
     1.500     0.730    0.995E-01    0.120E-01    0.188E-02    0.178E-03    0.178E-03    0.712E-04    0.712E-04    0.000E+00    0.000E+00    0.000E+00    0.000E+00
     1.500     0.740    0.901E-01    0.102E-01    0.149E-02    0.125E-03    0.125E-03    0.499E-04    0.499E-04    0.000E+00    0.000E+00    0.000E+00    0.000E+00
     1.500     0.750    0.811E-01    0.856E-02    0.116E-02    0.792E-04    0.792E-04    0.316E-04    0.316E-04    0.000E+00    0.000E+00    0.000E+00    0.000E+00
     1.500     0.760    0.727E-01    0.714E-02    0.897E-03    0.420E-04    0.420E-04    0.167E-04    0.167E-04    0.000E+00    0.000E+00    0.000E+00    0.000E+00
     1.500     0.770    0.648E-01    0.590E-02    0.684E-03    0.167E-04    0.167E-04    0.664E-05    0.664E-05    0.000E+00    0.000E+00    0.000E+00    0.000E+00
     1.500     0.780    0.574E-01    0.483E-02    0.515E-03    0.453E-05    0.453E-05    0.179E-05    0.179E-05    0.000E+00    0.000E+00    0.000E+00    0.000E+00
     1.500     0.790    0.505E-01    0.391E-02    0.383E-03    0.000E+00    0.000E+00    0.000E+00    0.000E+00    0.000E+00    0.000E+00    0.000E+00    0.000E+00
     1.500     0.800    0.441E-01    0.315E-02    0.279E-03    0.000E+00    0.000E+00    0.000E+00    0.000E+00    0.000E+00    0.000E+00    0.000E+00    0.000E+00
     1.500     0.810    0.383E-01    0.252E-02    0.200E-03    0.000E+00    0.000E+00    0.000E+00    0.000E+00    0.000E+00    0.000E+00    0.000E+00    0.000E+00
     1.500     0.820    0.329E-01    0.198E-02    0.140E-03    0.000E+00    0.000E+00    0.000E+00    0.000E+00    0.000E+00    0.000E+00    0.000E+00    0.000E+00
     1.500     0.830    0.280E-01    0.153E-02    0.964E-04    0.000E+00    0.000E+00    0.000E+00    0.000E+00    0.000E+00    0.000E+00    0.000E+00    0.000E+00
     1.500     0.840    0.236E-01    0.116E-02    0.646E-04    0.000E+00    0.000E+00    0.000E+00    0.000E+00    0.000E+00    0.000E+00    0.000E+00    0.000E+00
     1.500     0.850    0.196E-01    0.865E-03    0.417E-04    0.000E+00    0.000E+00    0.000E+00    0.000E+00    0.000E+00    0.000E+00    0.000E+00    0.000E+00
     1.500     0.860    0.161E-01    0.633E-03    0.263E-04    0.000E+00    0.000E+00    0.000E+00    0.000E+00    0.000E+00    0.000E+00    0.000E+00    0.000E+00
     1.500     0.870    0.130E-01    0.452E-03    0.156E-04    0.000E+00    0.000E+00    0.000E+00    0.000E+00    0.000E+00    0.000E+00    0.000E+00    0.000E+00
     1.500     0.880    0.103E-01    0.315E-03    0.893E-05    0.000E+00    0.000E+00    0.000E+00    0.000E+00    0.000E+00    0.000E+00    0.000E+00    0.000E+00
     1.500     0.890    0.798E-02    0.212E-03    0.467E-05    0.000E+00    0.000E+00    0.000E+00    0.000E+00    0.000E+00    0.000E+00    0.000E+00    0.000E+00
     1.500     0.900    0.603E-02    0.138E-03    0.223E-05    0.000E+00    0.000E+00    0.000E+00    0.000E+00    0.000E+00    0.000E+00    0.000E+00    0.000E+00
     1.500     0.910    0.441E-02    0.866E-04    0.950E-06    0.000E+00    0.000E+00    0.000E+00    0.000E+00    0.000E+00    0.000E+00    0.000E+00    0.000E+00
     1.500     0.920    0.311E-02    0.513E-04    0.254E-06    0.000E+00    0.000E+00    0.000E+00    0.000E+00    0.000E+00    0.000E+00    0.000E+00    0.000E+00
     1.500     0.930    0.209E-02    0.292E-04    0.562E-07    0.000E+00    0.000E+00    0.000E+00    0.000E+00    0.000E+00    0.000E+00    0.000E+00    0.000E+00
     1.500     0.940    0.132E-02    0.148E-04    0.000E+00    0.000E+00    0.000E+00    0.000E+00    0.000E+00    0.000E+00    0.000E+00    0.000E+00    0.000E+00
     1.500     0.950    0.751E-03    0.707E-05    0.000E+00    0.000E+00    0.000E+00    0.000E+00    0.000E+00    0.000E+00    0.000E+00    0.000E+00    0.000E+00
     1.500     0.960    0.345E-03    0.256E-05    0.000E+00    0.554E-07    0.554E-07    0.221E-07    0.221E-07    0.000E+00    0.000E+00    0.000E+00    0.000E+00
     1.500     0.970    0.816E-04    0.378E-06    0.000E+00    0.133E-06    0.133E-06    0.532E-07    0.532E-07    0.132E-12    0.132E-12    0.000E+00    0.000E+00
     1.500     0.980    0.000E+00    0.000E+00    0.998E-08    0.177E-06    0.177E-06    0.706E-07    0.706E-07    0.000E+00    0.000E+00    0.000E+00    0.000E+00
     1.500     0.990    0.000E+00    0.176E-06    0.182E-07    0.146E-06    0.146E-06    0.584E-07    0.584E-07    0.000E+00    0.000E+00    0.000E+00    0.000E+00

