     Q**2          x         u           d           g          ub          db          sb          s          cb          c          bb          b
     1.500     0.010    0.363E+00    0.333E+00    0.156E+01    0.223E+00    0.244E+00    0.900E-01    0.900E-01    0.000E+00    0.000E+00    0.000E+00    0.000E+00
     1.500     0.020    0.380E+00    0.347E+00    0.159E+01    0.189E+00    0.209E+00    0.765E-01    0.765E-01    0.000E+00    0.000E+00    0.000E+00    0.000E+00
     1.500     0.030    0.403E+00    0.360E+00    0.159E+01    0.169E+00    0.185E+00    0.682E-01    0.682E-01    0.000E+00    0.000E+00    0.000E+00    0.000E+00
     1.500     0.040    0.428E+00    0.371E+00    0.158E+01    0.156E+00    0.168E+00    0.625E-01    0.625E-01    0.000E+00    0.000E+00    0.000E+00    0.000E+00
     1.500     0.050    0.451E+00    0.379E+00    0.156E+01    0.144E+00    0.155E+00    0.577E-01    0.577E-01    0.000E+00    0.000E+00    0.000E+00    0.000E+00
     1.500     0.060    0.473E+00    0.386E+00    0.153E+01    0.133E+00    0.145E+00    0.537E-01    0.537E-01    0.000E+00    0.000E+00    0.000E+00    0.000E+00
     1.500     0.070    0.494E+00    0.392E+00    0.150E+01    0.123E+00    0.137E+00    0.502E-01    0.502E-01    0.000E+00    0.000E+00    0.000E+00    0.000E+00
     1.500     0.080    0.513E+00    0.397E+00    0.147E+01    0.113E+00    0.130E+00    0.470E-01    0.470E-01    0.000E+00    0.000E+00    0.000E+00    0.000E+00
     1.500     0.090    0.531E+00    0.401E+00    0.143E+01    0.103E+00    0.125E+00    0.442E-01    0.442E-01    0.000E+00    0.000E+00    0.000E+00    0.000E+00
     1.500     0.100    0.548E+00    0.404E+00    0.138E+01    0.949E-01    0.119E+00    0.415E-01    0.415E-01    0.000E+00    0.000E+00    0.000E+00    0.000E+00
     1.500     0.110    0.564E+00    0.405E+00    0.134E+01    0.872E-01    0.115E+00    0.391E-01    0.391E-01    0.000E+00    0.000E+00    0.000E+00    0.000E+00
     1.500     0.120    0.580E+00    0.406E+00    0.129E+01    0.803E-01    0.110E+00    0.369E-01    0.369E-01    0.000E+00    0.000E+00    0.000E+00    0.000E+00
     1.500     0.130    0.594E+00    0.406E+00    0.125E+01    0.741E-01    0.105E+00    0.348E-01    0.348E-01    0.000E+00    0.000E+00    0.000E+00    0.000E+00
     1.500     0.140    0.608E+00    0.404E+00    0.120E+01    0.686E-01    0.100E+00    0.328E-01    0.328E-01    0.000E+00    0.000E+00    0.000E+00    0.000E+00
     1.500     0.150    0.620E+00    0.402E+00    0.115E+01    0.638E-01    0.953E-01    0.309E-01    0.309E-01    0.000E+00    0.000E+00    0.000E+00    0.000E+00
     1.500     0.160    0.632E+00    0.400E+00    0.110E+01    0.595E-01    0.904E-01    0.292E-01    0.292E-01    0.000E+00    0.000E+00    0.000E+00    0.000E+00
     1.500     0.170    0.642E+00    0.396E+00    0.105E+01    0.557E-01    0.856E-01    0.275E-01    0.275E-01    0.000E+00    0.000E+00    0.000E+00    0.000E+00
     1.500     0.180    0.651E+00    0.392E+00    0.997E+00    0.523E-01    0.809E-01    0.260E-01    0.260E-01    0.000E+00    0.000E+00    0.000E+00    0.000E+00
     1.500     0.190    0.660E+00    0.388E+00    0.948E+00    0.493E-01    0.762E-01    0.245E-01    0.245E-01    0.000E+00    0.000E+00    0.000E+00    0.000E+00
     1.500     0.200    0.667E+00    0.383E+00    0.900E+00    0.466E-01    0.716E-01    0.231E-01    0.231E-01    0.000E+00    0.000E+00    0.000E+00    0.000E+00
     1.500     0.210    0.672E+00    0.377E+00    0.852E+00    0.442E-01    0.671E-01    0.218E-01    0.218E-01    0.000E+00    0.000E+00    0.000E+00    0.000E+00
     1.500     0.220    0.677E+00    0.371E+00    0.806E+00    0.420E-01    0.628E-01    0.205E-01    0.205E-01    0.000E+00    0.000E+00    0.000E+00    0.000E+00
     1.500     0.230    0.680E+00    0.365E+00    0.760E+00    0.399E-01    0.586E-01    0.193E-01    0.193E-01    0.000E+00    0.000E+00    0.000E+00    0.000E+00
     1.500     0.240    0.682E+00    0.359E+00    0.716E+00    0.380E-01    0.547E-01    0.181E-01    0.181E-01    0.000E+00    0.000E+00    0.000E+00    0.000E+00
     1.500     0.250    0.683E+00    0.352E+00    0.673E+00    0.362E-01    0.509E-01    0.171E-01    0.171E-01    0.000E+00    0.000E+00    0.000E+00    0.000E+00
     1.500     0.260    0.683E+00    0.345E+00    0.632E+00    0.344E-01    0.472E-01    0.160E-01    0.160E-01    0.000E+00    0.000E+00    0.000E+00    0.000E+00
     1.500     0.270    0.682E+00    0.337E+00    0.592E+00    0.328E-01    0.438E-01    0.150E-01    0.150E-01    0.000E+00    0.000E+00    0.000E+00    0.000E+00
     1.500     0.280    0.679E+00    0.329E+00    0.554E+00    0.312E-01    0.406E-01    0.141E-01    0.141E-01    0.000E+00    0.000E+00    0.000E+00    0.000E+00
     1.500     0.290    0.675E+00    0.321E+00    0.517E+00    0.296E-01    0.376E-01    0.132E-01    0.132E-01    0.000E+00    0.000E+00    0.000E+00    0.000E+00
     1.500     0.300    0.670E+00    0.313E+00    0.482E+00    0.281E-01    0.348E-01    0.124E-01    0.124E-01    0.000E+00    0.000E+00    0.000E+00    0.000E+00
     1.500     0.310    0.665E+00    0.305E+00    0.448E+00    0.266E-01    0.321E-01    0.116E-01    0.116E-01    0.000E+00    0.000E+00    0.000E+00    0.000E+00
     1.500     0.320    0.658E+00    0.296E+00    0.416E+00    0.252E-01    0.297E-01    0.108E-01    0.108E-01    0.000E+00    0.000E+00    0.000E+00    0.000E+00
     1.500     0.330    0.650E+00    0.288E+00    0.385E+00    0.237E-01    0.274E-01    0.101E-01    0.101E-01    0.000E+00    0.000E+00    0.000E+00    0.000E+00
     1.500     0.340    0.641E+00    0.279E+00    0.356E+00    0.223E-01    0.253E-01    0.939E-02    0.939E-02    0.000E+00    0.000E+00    0.000E+00    0.000E+00
     1.500     0.350    0.632E+00    0.270E+00    0.329E+00    0.210E-01    0.233E-01    0.874E-02    0.874E-02    0.000E+00    0.000E+00    0.000E+00    0.000E+00
     1.500     0.360    0.622E+00    0.260E+00    0.303E+00    0.196E-01    0.215E-01    0.812E-02    0.812E-02    0.000E+00    0.000E+00    0.000E+00    0.000E+00
     1.500     0.370    0.611E+00    0.251E+00    0.279E+00    0.183E-01    0.198E-01    0.753E-02    0.753E-02    0.000E+00    0.000E+00    0.000E+00    0.000E+00
     1.500     0.380    0.599E+00    0.242E+00    0.256E+00    0.171E-01    0.182E-01    0.697E-02    0.697E-02    0.000E+00    0.000E+00    0.000E+00    0.000E+00
     1.500     0.390    0.586E+00    0.233E+00    0.234E+00    0.159E-01    0.167E-01    0.645E-02    0.645E-02    0.000E+00    0.000E+00    0.000E+00    0.000E+00
     1.500     0.400    0.574E+00    0.223E+00    0.214E+00    0.147E-01    0.153E-01    0.595E-02    0.595E-02    0.000E+00    0.000E+00    0.000E+00    0.000E+00
     1.500     0.410    0.560E+00    0.214E+00    0.195E+00    0.136E-01    0.141E-01    0.548E-02    0.548E-02    0.000E+00    0.000E+00    0.000E+00    0.000E+00
     1.500     0.420    0.546E+00    0.204E+00    0.178E+00    0.125E-01    0.129E-01    0.503E-02    0.503E-02    0.000E+00    0.000E+00    0.000E+00    0.000E+00
     1.500     0.430    0.532E+00    0.195E+00    0.161E+00    0.115E-01    0.118E-01    0.462E-02    0.462E-02    0.000E+00    0.000E+00    0.000E+00    0.000E+00
     1.500     0.440    0.517E+00    0.186E+00    0.146E+00    0.106E-01    0.107E-01    0.422E-02    0.422E-02    0.000E+00    0.000E+00    0.000E+00    0.000E+00
     1.500     0.450    0.502E+00    0.177E+00    0.132E+00    0.965E-02    0.978E-02    0.385E-02    0.385E-02    0.000E+00    0.000E+00    0.000E+00    0.000E+00
     1.500     0.460    0.487E+00    0.168E+00    0.119E+00    0.879E-02    0.888E-02    0.350E-02    0.350E-02    0.000E+00    0.000E+00    0.000E+00    0.000E+00
     1.500     0.470    0.471E+00    0.159E+00    0.107E+00    0.798E-02    0.804E-02    0.318E-02    0.318E-02    0.000E+00    0.000E+00    0.000E+00    0.000E+00
     1.500     0.480    0.455E+00    0.150E+00    0.958E-01    0.722E-02    0.726E-02    0.287E-02    0.287E-02    0.000E+00    0.000E+00    0.000E+00    0.000E+00
     1.500     0.490    0.439E+00    0.141E+00    0.857E-01    0.650E-02    0.653E-02    0.259E-02    0.259E-02    0.000E+00    0.000E+00    0.000E+00    0.000E+00
     1.500     0.500    0.423E+00    0.133E+00    0.764E-01    0.584E-02    0.586E-02    0.232E-02    0.232E-02    0.000E+00    0.000E+00    0.000E+00    0.000E+00
     1.500     0.510    0.407E+00    0.124E+00    0.679E-01    0.521E-02    0.523E-02    0.207E-02    0.207E-02    0.000E+00    0.000E+00    0.000E+00    0.000E+00
     1.500     0.520    0.391E+00    0.116E+00    0.602E-01    0.464E-02    0.464E-02    0.184E-02    0.184E-02    0.000E+00    0.000E+00    0.000E+00    0.000E+00
     1.500     0.530    0.375E+00    0.108E+00    0.532E-01    0.410E-02    0.410E-02    0.163E-02    0.163E-02    0.000E+00    0.000E+00    0.000E+00    0.000E+00
     1.500     0.540    0.358E+00    0.101E+00    0.469E-01    0.360E-02    0.360E-02    0.143E-02    0.143E-02    0.000E+00    0.000E+00    0.000E+00    0.000E+00
     1.500     0.550    0.342E+00    0.936E-01    0.412E-01    0.314E-02    0.314E-02    0.125E-02    0.125E-02    0.000E+00    0.000E+00    0.000E+00    0.000E+00
     1.500     0.560    0.326E+00    0.865E-01    0.360E-01    0.272E-02    0.272E-02    0.108E-02    0.108E-02    0.000E+00    0.000E+00    0.000E+00    0.000E+00
     1.500     0.570    0.311E+00    0.798E-01    0.314E-01    0.233E-02    0.233E-02    0.926E-03    0.926E-03    0.000E+00    0.000E+00    0.000E+00    0.000E+00
     1.500     0.580    0.295E+00    0.734E-01    0.273E-01    0.197E-02    0.197E-02    0.785E-03    0.785E-03    0.000E+00    0.000E+00    0.000E+00    0.000E+00
     1.500     0.590    0.279E+00    0.672E-01    0.236E-01    0.165E-02    0.165E-02    0.656E-03    0.656E-03    0.000E+00    0.000E+00    0.000E+00    0.000E+00
     1.500     0.600    0.264E+00    0.614E-01    0.203E-01    0.136E-02    0.136E-02    0.539E-03    0.539E-03    0.000E+00    0.000E+00    0.000E+00    0.000E+00
     1.500     0.610    0.249E+00    0.559E-01    0.174E-01    0.109E-02    0.109E-02    0.434E-03    0.434E-03    0.000E+00    0.000E+00    0.000E+00    0.000E+00
     1.500     0.620    0.235E+00    0.506E-01    0.149E-01    0.851E-03    0.851E-03    0.338E-03    0.338E-03    0.000E+00    0.000E+00    0.000E+00    0.000E+00
     1.500     0.630    0.220E+00    0.457E-01    0.127E-01    0.637E-03    0.637E-03    0.253E-03    0.253E-03    0.000E+00    0.000E+00    0.000E+00    0.000E+00
     1.500     0.640    0.207E+00    0.411E-01    0.107E-01    0.444E-03    0.444E-03    0.176E-03    0.176E-03    0.000E+00    0.000E+00    0.000E+00    0.000E+00
     1.500     0.650    0.193E+00    0.368E-01    0.900E-02    0.277E-03    0.277E-03    0.110E-03    0.110E-03    0.000E+00    0.000E+00    0.000E+00    0.000E+00
     1.500     0.660    0.180E+00    0.328E-01    0.753E-02    0.140E-03    0.140E-03    0.551E-04    0.551E-04    0.000E+00    0.000E+00    0.000E+00    0.000E+00
     1.500     0.670    0.167E+00    0.291E-01    0.626E-02    0.377E-04    0.377E-04    0.149E-04    0.149E-04    0.000E+00    0.000E+00    0.000E+00    0.000E+00
     1.500     0.680    0.155E+00    0.257E-01    0.517E-02    0.000E+00    0.000E+00    0.000E+00    0.000E+00    0.000E+00    0.000E+00    0.000E+00    0.000E+00
     1.500     0.690    0.143E+00    0.225E-01    0.424E-02    0.000E+00    0.000E+00    0.000E+00    0.000E+00    0.000E+00    0.000E+00    0.000E+00    0.000E+00
     1.500     0.700    0.131E+00    0.197E-01    0.346E-02    0.000E+00    0.000E+00    0.000E+00    0.000E+00    0.000E+00    0.000E+00    0.000E+00    0.000E+00
     1.500     0.710    0.120E+00    0.170E-01    0.280E-02    0.000E+00    0.000E+00    0.000E+00    0.000E+00    0.000E+00    0.000E+00    0.000E+00    0.000E+00
     1.500     0.720    0.110E+00    0.147E-01    0.224E-02    0.000E+00    0.000E+00    0.000E+00    0.000E+00    0.000E+00    0.000E+00    0.000E+00    0.000E+00
     1.500     0.730    0.999E-01    0.125E-01    0.178E-02    0.000E+00    0.000E+00    0.000E+00    0.000E+00    0.000E+00    0.000E+00    0.000E+00    0.000E+00
     1.500     0.740    0.904E-01    0.106E-01    0.140E-02    0.000E+00    0.000E+00    0.000E+00    0.000E+00    0.000E+00    0.000E+00    0.000E+00    0.000E+00
     1.500     0.750    0.815E-01    0.895E-02    0.109E-02    0.000E+00    0.000E+00    0.000E+00    0.000E+00    0.000E+00    0.000E+00    0.000E+00    0.000E+00
     1.500     0.760    0.730E-01    0.746E-02    0.842E-03    0.000E+00    0.000E+00    0.000E+00    0.000E+00    0.000E+00    0.000E+00    0.000E+00    0.000E+00
     1.500     0.770    0.651E-01    0.614E-02    0.641E-03    0.000E+00    0.000E+00    0.000E+00    0.000E+00    0.000E+00    0.000E+00    0.000E+00    0.000E+00
     1.500     0.780    0.576E-01    0.498E-02    0.481E-03    0.000E+00    0.000E+00    0.000E+00    0.000E+00    0.000E+00    0.000E+00    0.000E+00    0.000E+00
     1.500     0.790    0.507E-01    0.404E-02    0.357E-03    0.000E+00    0.000E+00    0.000E+00    0.000E+00    0.000E+00    0.000E+00    0.000E+00    0.000E+00
     1.500     0.800    0.445E-01    0.338E-02    0.259E-03    0.000E+00    0.000E+00    0.000E+00    0.000E+00    0.000E+00    0.000E+00    0.000E+00    0.000E+00
     1.500     0.810    0.388E-01    0.286E-02    0.185E-03    0.000E+00    0.000E+00    0.000E+00    0.000E+00    0.000E+00    0.000E+00    0.000E+00    0.000E+00
     1.500     0.820    0.334E-01    0.232E-02    0.130E-03    0.000E+00    0.000E+00    0.000E+00    0.000E+00    0.000E+00    0.000E+00    0.000E+00    0.000E+00
     1.500     0.830    0.285E-01    0.180E-02    0.886E-04    0.000E+00    0.000E+00    0.000E+00    0.000E+00    0.000E+00    0.000E+00    0.000E+00    0.000E+00
     1.500     0.840    0.240E-01    0.136E-02    0.591E-04    0.000E+00    0.000E+00    0.000E+00    0.000E+00    0.000E+00    0.000E+00    0.000E+00    0.000E+00
     1.500     0.850    0.200E-01    0.102E-02    0.380E-04    0.000E+00    0.000E+00    0.000E+00    0.000E+00    0.000E+00    0.000E+00    0.000E+00    0.000E+00
     1.500     0.860    0.164E-01    0.754E-03    0.239E-04    0.000E+00    0.000E+00    0.000E+00    0.000E+00    0.000E+00    0.000E+00    0.000E+00    0.000E+00
     1.500     0.870    0.132E-01    0.541E-03    0.140E-04    0.000E+00    0.000E+00    0.000E+00    0.000E+00    0.000E+00    0.000E+00    0.000E+00    0.000E+00
     1.500     0.880    0.105E-01    0.379E-03    0.802E-05    0.000E+00    0.000E+00    0.000E+00    0.000E+00    0.000E+00    0.000E+00    0.000E+00    0.000E+00
     1.500     0.890    0.815E-02    0.256E-03    0.416E-05    0.000E+00    0.000E+00    0.000E+00    0.000E+00    0.000E+00    0.000E+00    0.000E+00    0.000E+00
     1.500     0.900    0.617E-02    0.167E-03    0.197E-05    0.000E+00    0.000E+00    0.000E+00    0.000E+00    0.000E+00    0.000E+00    0.000E+00    0.000E+00
     1.500     0.910    0.452E-02    0.104E-03    0.832E-06    0.000E+00    0.000E+00    0.000E+00    0.000E+00    0.000E+00    0.000E+00    0.000E+00    0.000E+00
     1.500     0.920    0.319E-02    0.610E-04    0.216E-06    0.000E+00    0.000E+00    0.000E+00    0.000E+00    0.000E+00    0.000E+00    0.000E+00    0.000E+00
     1.500     0.930    0.215E-02    0.341E-04    0.487E-07    0.000E+00    0.000E+00    0.000E+00    0.000E+00    0.000E+00    0.000E+00    0.000E+00    0.000E+00
     1.500     0.940    0.136E-02    0.167E-04    0.000E+00    0.000E+00    0.000E+00    0.000E+00    0.000E+00    0.000E+00    0.000E+00    0.000E+00    0.000E+00
     1.500     0.950    0.776E-03    0.756E-05    0.000E+00    0.000E+00    0.000E+00    0.000E+00    0.000E+00    0.000E+00    0.000E+00    0.000E+00    0.000E+00
     1.500     0.960    0.357E-03    0.249E-05    0.000E+00    0.310E-06    0.310E-06    0.124E-06    0.124E-06    0.000E+00    0.000E+00    0.000E+00    0.000E+00
     1.500     0.970    0.848E-04    0.274E-06    0.000E+00    0.744E-06    0.744E-06    0.298E-06    0.298E-06    0.141E-12    0.141E-12    0.000E+00    0.000E+00
     1.500     0.980    0.000E+00    0.636E-07    0.830E-08    0.987E-06    0.987E-06    0.395E-06    0.395E-06    0.000E+00    0.000E+00    0.000E+00    0.000E+00
     1.500     0.990    0.000E+00    0.459E-06    0.151E-07    0.817E-06    0.817E-06    0.327E-06    0.327E-06    0.000E+00    0.000E+00    0.000E+00    0.000E+00

