     Q**2          x         u           d           g          ub          db          sb          s          cb          c          bb          b
     3.025     0.010    0.402E+00    0.368E+00    0.305E+01    0.249E+00    0.271E+00    0.120E+00    0.120E+00    0.274E-01    0.274E-01    0.000E+00    0.000E+00
     3.025     0.020    0.417E+00    0.379E+00    0.256E+01    0.209E+00    0.228E+00    0.101E+00    0.101E+00    0.226E-01    0.226E-01    0.000E+00    0.000E+00
     3.025     0.030    0.438E+00    0.389E+00    0.228E+01    0.185E+00    0.200E+00    0.888E-01    0.888E-01    0.196E-01    0.196E-01    0.000E+00    0.000E+00
     3.025     0.040    0.461E+00    0.395E+00    0.210E+01    0.168E+00    0.181E+00    0.803E-01    0.803E-01    0.174E-01    0.174E-01    0.000E+00    0.000E+00
     3.025     0.050    0.482E+00    0.400E+00    0.195E+01    0.153E+00    0.165E+00    0.731E-01    0.731E-01    0.156E-01    0.156E-01    0.000E+00    0.000E+00
     3.025     0.060    0.502E+00    0.403E+00    0.182E+01    0.140E+00    0.153E+00    0.672E-01    0.672E-01    0.141E-01    0.141E-01    0.000E+00    0.000E+00
     3.025     0.070    0.520E+00    0.405E+00    0.171E+01    0.128E+00    0.144E+00    0.619E-01    0.619E-01    0.128E-01    0.128E-01    0.000E+00    0.000E+00
     3.025     0.080    0.536E+00    0.406E+00    0.161E+01    0.116E+00    0.135E+00    0.573E-01    0.573E-01    0.116E-01    0.116E-01    0.000E+00    0.000E+00
     3.025     0.090    0.551E+00    0.406E+00    0.151E+01    0.106E+00    0.128E+00    0.531E-01    0.531E-01    0.106E-01    0.106E-01    0.000E+00    0.000E+00
     3.025     0.100    0.566E+00    0.405E+00    0.143E+01    0.966E-01    0.121E+00    0.493E-01    0.493E-01    0.962E-02    0.962E-02    0.000E+00    0.000E+00
     3.025     0.110    0.579E+00    0.404E+00    0.134E+01    0.883E-01    0.115E+00    0.458E-01    0.458E-01    0.878E-02    0.878E-02    0.000E+00    0.000E+00
     3.025     0.120    0.591E+00    0.401E+00    0.127E+01    0.808E-01    0.108E+00    0.426E-01    0.426E-01    0.801E-02    0.801E-02    0.000E+00    0.000E+00
     3.025     0.130    0.602E+00    0.398E+00    0.119E+01    0.742E-01    0.102E+00    0.397E-01    0.397E-01    0.730E-02    0.730E-02    0.000E+00    0.000E+00
     3.025     0.140    0.612E+00    0.394E+00    0.112E+01    0.684E-01    0.967E-01    0.370E-01    0.370E-01    0.666E-02    0.666E-02    0.000E+00    0.000E+00
     3.025     0.150    0.621E+00    0.389E+00    0.105E+01    0.632E-01    0.910E-01    0.345E-01    0.345E-01    0.608E-02    0.608E-02    0.000E+00    0.000E+00
     3.025     0.160    0.629E+00    0.384E+00    0.991E+00    0.586E-01    0.855E-01    0.322E-01    0.322E-01    0.554E-02    0.554E-02    0.000E+00    0.000E+00
     3.025     0.170    0.636E+00    0.379E+00    0.930E+00    0.546E-01    0.802E-01    0.300E-01    0.300E-01    0.505E-02    0.505E-02    0.000E+00    0.000E+00
     3.025     0.180    0.641E+00    0.373E+00    0.871E+00    0.510E-01    0.750E-01    0.280E-01    0.280E-01    0.460E-02    0.460E-02    0.000E+00    0.000E+00
     3.025     0.190    0.646E+00    0.367E+00    0.816E+00    0.477E-01    0.700E-01    0.261E-01    0.261E-01    0.418E-02    0.418E-02    0.000E+00    0.000E+00
     3.025     0.200    0.649E+00    0.361E+00    0.763E+00    0.448E-01    0.653E-01    0.243E-01    0.243E-01    0.380E-02    0.380E-02    0.000E+00    0.000E+00
     3.025     0.210    0.651E+00    0.354E+00    0.712E+00    0.421E-01    0.607E-01    0.226E-01    0.226E-01    0.345E-02    0.345E-02    0.000E+00    0.000E+00
     3.025     0.220    0.651E+00    0.347E+00    0.665E+00    0.397E-01    0.564E-01    0.211E-01    0.211E-01    0.313E-02    0.313E-02    0.000E+00    0.000E+00
     3.025     0.230    0.651E+00    0.339E+00    0.619E+00    0.374E-01    0.523E-01    0.196E-01    0.196E-01    0.284E-02    0.284E-02    0.000E+00    0.000E+00
     3.025     0.240    0.649E+00    0.332E+00    0.576E+00    0.354E-01    0.484E-01    0.183E-01    0.183E-01    0.257E-02    0.257E-02    0.000E+00    0.000E+00
     3.025     0.250    0.647E+00    0.324E+00    0.535E+00    0.334E-01    0.448E-01    0.170E-01    0.170E-01    0.233E-02    0.233E-02    0.000E+00    0.000E+00
     3.025     0.260    0.643E+00    0.316E+00    0.497E+00    0.315E-01    0.414E-01    0.158E-01    0.158E-01    0.210E-02    0.210E-02    0.000E+00    0.000E+00
     3.025     0.270    0.638E+00    0.308E+00    0.460E+00    0.298E-01    0.382E-01    0.147E-01    0.147E-01    0.189E-02    0.189E-02    0.000E+00    0.000E+00
     3.025     0.280    0.632E+00    0.299E+00    0.426E+00    0.281E-01    0.352E-01    0.137E-01    0.137E-01    0.171E-02    0.171E-02    0.000E+00    0.000E+00
     3.025     0.290    0.625E+00    0.291E+00    0.393E+00    0.265E-01    0.324E-01    0.127E-01    0.127E-01    0.154E-02    0.154E-02    0.000E+00    0.000E+00
     3.025     0.300    0.618E+00    0.282E+00    0.363E+00    0.250E-01    0.299E-01    0.118E-01    0.118E-01    0.138E-02    0.138E-02    0.000E+00    0.000E+00
     3.025     0.310    0.609E+00    0.273E+00    0.334E+00    0.235E-01    0.275E-01    0.109E-01    0.109E-01    0.124E-02    0.124E-02    0.000E+00    0.000E+00
     3.025     0.320    0.600E+00    0.264E+00    0.307E+00    0.221E-01    0.253E-01    0.101E-01    0.101E-01    0.111E-02    0.111E-02    0.000E+00    0.000E+00
     3.025     0.330    0.590E+00    0.255E+00    0.282E+00    0.207E-01    0.233E-01    0.940E-02    0.940E-02    0.991E-03    0.991E-03    0.000E+00    0.000E+00
     3.025     0.340    0.579E+00    0.246E+00    0.259E+00    0.194E-01    0.215E-01    0.870E-02    0.870E-02    0.885E-03    0.885E-03    0.000E+00    0.000E+00
     3.025     0.350    0.568E+00    0.236E+00    0.237E+00    0.181E-01    0.198E-01    0.804E-02    0.804E-02    0.789E-03    0.789E-03    0.000E+00    0.000E+00
     3.025     0.360    0.556E+00    0.227E+00    0.216E+00    0.169E-01    0.182E-01    0.743E-02    0.743E-02    0.702E-03    0.702E-03    0.000E+00    0.000E+00
     3.025     0.370    0.543E+00    0.218E+00    0.197E+00    0.157E-01    0.167E-01    0.686E-02    0.686E-02    0.623E-03    0.623E-03    0.000E+00    0.000E+00
     3.025     0.380    0.530E+00    0.209E+00    0.179E+00    0.146E-01    0.154E-01    0.633E-02    0.633E-02    0.552E-03    0.552E-03    0.000E+00    0.000E+00
     3.025     0.390    0.517E+00    0.199E+00    0.163E+00    0.136E-01    0.141E-01    0.583E-02    0.583E-02    0.489E-03    0.489E-03    0.000E+00    0.000E+00
     3.025     0.400    0.503E+00    0.190E+00    0.148E+00    0.126E-01    0.130E-01    0.537E-02    0.537E-02    0.431E-03    0.431E-03    0.000E+00    0.000E+00
     3.025     0.410    0.489E+00    0.181E+00    0.134E+00    0.116E-01    0.119E-01    0.494E-02    0.494E-02    0.380E-03    0.380E-03    0.000E+00    0.000E+00
     3.025     0.420    0.474E+00    0.172E+00    0.121E+00    0.107E-01    0.110E-01    0.453E-02    0.453E-02    0.334E-03    0.334E-03    0.000E+00    0.000E+00
     3.025     0.430    0.460E+00    0.163E+00    0.109E+00    0.987E-02    0.100E-01    0.416E-02    0.416E-02    0.293E-03    0.293E-03    0.000E+00    0.000E+00
     3.025     0.440    0.445E+00    0.154E+00    0.980E-01    0.908E-02    0.921E-02    0.381E-02    0.381E-02    0.257E-03    0.257E-03    0.000E+00    0.000E+00
     3.025     0.450    0.430E+00    0.145E+00    0.879E-01    0.834E-02    0.843E-02    0.349E-02    0.349E-02    0.224E-03    0.224E-03    0.000E+00    0.000E+00
     3.025     0.460    0.415E+00    0.137E+00    0.787E-01    0.764E-02    0.771E-02    0.319E-02    0.319E-02    0.195E-03    0.195E-03    0.000E+00    0.000E+00
     3.025     0.470    0.399E+00    0.129E+00    0.704E-01    0.700E-02    0.704E-02    0.291E-02    0.291E-02    0.170E-03    0.170E-03    0.000E+00    0.000E+00
     3.025     0.480    0.384E+00    0.120E+00    0.627E-01    0.639E-02    0.642E-02    0.265E-02    0.265E-02    0.147E-03    0.147E-03    0.000E+00    0.000E+00
     3.025     0.490    0.369E+00    0.113E+00    0.558E-01    0.583E-02    0.585E-02    0.241E-02    0.241E-02    0.127E-03    0.127E-03    0.000E+00    0.000E+00
     3.025     0.500    0.353E+00    0.105E+00    0.495E-01    0.531E-02    0.532E-02    0.219E-02    0.219E-02    0.109E-03    0.109E-03    0.000E+00    0.000E+00
     3.025     0.510    0.338E+00    0.977E-01    0.438E-01    0.482E-02    0.483E-02    0.199E-02    0.199E-02    0.940E-04    0.940E-04    0.000E+00    0.000E+00
     3.025     0.520    0.323E+00    0.906E-01    0.386E-01    0.437E-02    0.438E-02    0.180E-02    0.180E-02    0.805E-04    0.805E-04    0.000E+00    0.000E+00
     3.025     0.530    0.308E+00    0.839E-01    0.340E-01    0.396E-02    0.396E-02    0.162E-02    0.162E-02    0.687E-04    0.687E-04    0.000E+00    0.000E+00
     3.025     0.540    0.294E+00    0.774E-01    0.298E-01    0.357E-02    0.358E-02    0.146E-02    0.146E-02    0.585E-04    0.585E-04    0.000E+00    0.000E+00
     3.025     0.550    0.279E+00    0.712E-01    0.261E-01    0.322E-02    0.322E-02    0.132E-02    0.132E-02    0.496E-04    0.496E-04    0.000E+00    0.000E+00
     3.025     0.560    0.265E+00    0.653E-01    0.227E-01    0.289E-02    0.290E-02    0.118E-02    0.118E-02    0.419E-04    0.419E-04    0.000E+00    0.000E+00
     3.025     0.570    0.250E+00    0.597E-01    0.197E-01    0.260E-02    0.260E-02    0.106E-02    0.106E-02    0.353E-04    0.353E-04    0.000E+00    0.000E+00
     3.025     0.580    0.237E+00    0.544E-01    0.171E-01    0.232E-02    0.232E-02    0.947E-03    0.947E-03    0.296E-04    0.296E-04    0.000E+00    0.000E+00
     3.025     0.590    0.223E+00    0.494E-01    0.148E-01    0.207E-02    0.207E-02    0.844E-03    0.844E-03    0.247E-04    0.247E-04    0.000E+00    0.000E+00
     3.025     0.600    0.210E+00    0.447E-01    0.127E-01    0.184E-02    0.184E-02    0.750E-03    0.750E-03    0.205E-04    0.205E-04    0.000E+00    0.000E+00
     3.025     0.610    0.197E+00    0.403E-01    0.109E-01    0.164E-02    0.164E-02    0.665E-03    0.665E-03    0.170E-04    0.170E-04    0.000E+00    0.000E+00
     3.025     0.620    0.184E+00    0.362E-01    0.928E-02    0.145E-02    0.145E-02    0.588E-03    0.588E-03    0.140E-04    0.140E-04    0.000E+00    0.000E+00
     3.025     0.630    0.172E+00    0.324E-01    0.789E-02    0.128E-02    0.128E-02    0.518E-03    0.518E-03    0.115E-04    0.115E-04    0.000E+00    0.000E+00
     3.025     0.640    0.160E+00    0.289E-01    0.667E-02    0.112E-02    0.112E-02    0.454E-03    0.454E-03    0.938E-05    0.938E-05    0.000E+00    0.000E+00
     3.025     0.650    0.149E+00    0.256E-01    0.562E-02    0.982E-03    0.982E-03    0.397E-03    0.397E-03    0.761E-05    0.761E-05    0.000E+00    0.000E+00
     3.025     0.660    0.138E+00    0.226E-01    0.471E-02    0.856E-03    0.856E-03    0.346E-03    0.346E-03    0.614E-05    0.614E-05    0.000E+00    0.000E+00
     3.025     0.670    0.127E+00    0.199E-01    0.393E-02    0.743E-03    0.743E-03    0.300E-03    0.300E-03    0.493E-05    0.493E-05    0.000E+00    0.000E+00
     3.025     0.680    0.117E+00    0.174E-01    0.326E-02    0.642E-03    0.642E-03    0.259E-03    0.259E-03    0.393E-05    0.393E-05    0.000E+00    0.000E+00
     3.025     0.690    0.108E+00    0.151E-01    0.269E-02    0.552E-03    0.552E-03    0.223E-03    0.223E-03    0.311E-05    0.311E-05    0.000E+00    0.000E+00
     3.025     0.700    0.983E-01    0.131E-01    0.221E-02    0.472E-03    0.472E-03    0.190E-03    0.190E-03    0.244E-05    0.244E-05    0.000E+00    0.000E+00
     3.025     0.710    0.895E-01    0.113E-01    0.180E-02    0.402E-03    0.402E-03    0.162E-03    0.162E-03    0.190E-05    0.190E-05    0.000E+00    0.000E+00
     3.025     0.720    0.812E-01    0.963E-02    0.146E-02    0.340E-03    0.340E-03    0.137E-03    0.137E-03    0.147E-05    0.147E-05    0.000E+00    0.000E+00
     3.025     0.730    0.733E-01    0.818E-02    0.118E-02    0.285E-03    0.285E-03    0.115E-03    0.115E-03    0.113E-05    0.113E-05    0.000E+00    0.000E+00
     3.025     0.740    0.659E-01    0.690E-02    0.940E-03    0.238E-03    0.238E-03    0.957E-04    0.957E-04    0.860E-06    0.860E-06    0.000E+00    0.000E+00
     3.025     0.750    0.590E-01    0.577E-02    0.745E-03    0.197E-03    0.197E-03    0.791E-04    0.791E-04    0.647E-06    0.647E-06    0.000E+00    0.000E+00
     3.025     0.760    0.524E-01    0.479E-02    0.586E-03    0.161E-03    0.161E-03    0.648E-04    0.648E-04    0.482E-06    0.482E-06    0.000E+00    0.000E+00
     3.025     0.770    0.464E-01    0.395E-02    0.458E-03    0.131E-03    0.131E-03    0.527E-04    0.527E-04    0.356E-06    0.356E-06    0.000E+00    0.000E+00
     3.025     0.780    0.408E-01    0.322E-02    0.353E-03    0.105E-03    0.105E-03    0.423E-04    0.423E-04    0.259E-06    0.259E-06    0.000E+00    0.000E+00
     3.025     0.790    0.356E-01    0.260E-02    0.271E-03    0.837E-04    0.837E-04    0.336E-04    0.336E-04    0.187E-06    0.187E-06    0.000E+00    0.000E+00
     3.025     0.800    0.308E-01    0.206E-02    0.205E-03    0.656E-04    0.656E-04    0.263E-04    0.263E-04    0.132E-06    0.132E-06    0.000E+00    0.000E+00
     3.025     0.810    0.265E-01    0.160E-02    0.154E-03    0.507E-04    0.507E-04    0.203E-04    0.203E-04    0.924E-07    0.924E-07    0.000E+00    0.000E+00
     3.025     0.820    0.225E-01    0.124E-02    0.114E-03    0.384E-04    0.384E-04    0.154E-04    0.154E-04    0.633E-07    0.633E-07    0.000E+00    0.000E+00
     3.025     0.830    0.190E-01    0.954E-03    0.830E-04    0.286E-04    0.286E-04    0.115E-04    0.115E-04    0.427E-07    0.427E-07    0.000E+00    0.000E+00
     3.025     0.840    0.158E-01    0.726E-03    0.598E-04    0.208E-04    0.208E-04    0.832E-05    0.832E-05    0.284E-07    0.284E-07    0.000E+00    0.000E+00
     3.025     0.850    0.130E-01    0.542E-03    0.422E-04    0.146E-04    0.146E-04    0.587E-05    0.587E-05    0.182E-07    0.182E-07    0.000E+00    0.000E+00
     3.025     0.860    0.106E-01    0.398E-03    0.295E-04    0.100E-04    0.100E-04    0.401E-05    0.401E-05    0.117E-07    0.117E-07    0.000E+00    0.000E+00
     3.025     0.870    0.842E-02    0.286E-03    0.200E-04    0.649E-05    0.649E-05    0.260E-05    0.260E-05    0.704E-08    0.704E-08    0.000E+00    0.000E+00
     3.025     0.880    0.659E-02    0.201E-03    0.133E-04    0.399E-05    0.399E-05    0.160E-05    0.160E-05    0.424E-08    0.424E-08    0.000E+00    0.000E+00
     3.025     0.890    0.504E-02    0.138E-03    0.860E-05    0.223E-05    0.223E-05    0.893E-06    0.893E-06    0.240E-08    0.240E-08    0.000E+00    0.000E+00
     3.025     0.900    0.375E-02    0.918E-04    0.538E-05    0.108E-05    0.108E-05    0.431E-06    0.431E-06    0.130E-08    0.130E-08    0.000E+00    0.000E+00
     3.025     0.910    0.270E-02    0.592E-04    0.325E-05    0.407E-06    0.407E-06    0.163E-06    0.163E-06    0.691E-09    0.691E-09    0.000E+00    0.000E+00
     3.025     0.920    0.187E-02    0.365E-04    0.183E-05    0.839E-07    0.839E-07    0.337E-07    0.337E-07    0.316E-09    0.316E-09    0.000E+00    0.000E+00
     3.025     0.930    0.123E-02    0.219E-04    0.101E-05    0.000E+00    0.000E+00    0.000E+00    0.000E+00    0.159E-09    0.159E-09    0.000E+00    0.000E+00
     3.025     0.940    0.756E-03    0.119E-04    0.472E-06    0.000E+00    0.000E+00    0.000E+00    0.000E+00    0.537E-10    0.537E-10    0.000E+00    0.000E+00
     3.025     0.950    0.421E-03    0.611E-05    0.209E-06    0.000E+00    0.000E+00    0.000E+00    0.000E+00    0.222E-10    0.222E-10    0.000E+00    0.000E+00
     3.025     0.960    0.188E-03    0.247E-05    0.652E-07    0.258E-08    0.258E-08    0.103E-08    0.103E-08    0.620E-11    0.620E-11    0.000E+00    0.000E+00
     3.025     0.970    0.427E-04    0.469E-06    0.525E-08    0.620E-08    0.620E-08    0.248E-08    0.248E-08    0.000E+00    0.000E+00    0.000E+00    0.000E+00
     3.025     0.980    0.000E+00    0.000E+00    0.453E-08    0.823E-08    0.823E-08    0.329E-08    0.329E-08    0.210E-11    0.210E-11    0.000E+00    0.000E+00
     3.025     0.990    0.000E+00    0.000E+00    0.183E-07    0.681E-08    0.681E-08    0.273E-08    0.273E-08    0.527E-11    0.527E-11    0.000E+00    0.000E+00

