     Q**2          x         u           d           g          ub          db          sb          s          cb          c          bb          b
     3.025     0.010    0.387E+00    0.338E+00    0.304E+01    0.232E+00    0.252E+00    0.124E+00    0.124E+00    0.452E-01    0.452E-01    0.000E+00    0.000E+00
     3.025     0.020    0.432E+00    0.370E+00    0.299E+01    0.200E+00    0.221E+00    0.105E+00    0.105E+00    0.345E-01    0.345E-01    0.000E+00    0.000E+00
     3.025     0.030    0.475E+00    0.396E+00    0.284E+01    0.181E+00    0.202E+00    0.931E-01    0.931E-01    0.275E-01    0.275E-01    0.000E+00    0.000E+00
     3.025     0.040    0.513E+00    0.415E+00    0.264E+01    0.168E+00    0.188E+00    0.849E-01    0.849E-01    0.225E-01    0.225E-01    0.000E+00    0.000E+00
     3.025     0.050    0.545E+00    0.429E+00    0.243E+01    0.156E+00    0.177E+00    0.779E-01    0.779E-01    0.186E-01    0.186E-01    0.000E+00    0.000E+00
     3.025     0.060    0.572E+00    0.438E+00    0.222E+01    0.144E+00    0.169E+00    0.719E-01    0.719E-01    0.156E-01    0.156E-01    0.000E+00    0.000E+00
     3.025     0.070    0.595E+00    0.444E+00    0.202E+01    0.133E+00    0.161E+00    0.667E-01    0.667E-01    0.132E-01    0.132E-01    0.000E+00    0.000E+00
     3.025     0.080    0.615E+00    0.447E+00    0.183E+01    0.121E+00    0.154E+00    0.618E-01    0.618E-01    0.112E-01    0.112E-01    0.000E+00    0.000E+00
     3.025     0.090    0.632E+00    0.448E+00    0.166E+01    0.111E+00    0.148E+00    0.575E-01    0.575E-01    0.952E-02    0.952E-02    0.000E+00    0.000E+00
     3.025     0.100    0.647E+00    0.446E+00    0.150E+01    0.101E+00    0.141E+00    0.534E-01    0.534E-01    0.817E-02    0.817E-02    0.000E+00    0.000E+00
     3.025     0.110    0.660E+00    0.443E+00    0.136E+01    0.927E-01    0.134E+00    0.496E-01    0.496E-01    0.704E-02    0.704E-02    0.000E+00    0.000E+00
     3.025     0.120    0.671E+00    0.439E+00    0.123E+01    0.849E-01    0.127E+00    0.460E-01    0.460E-01    0.610E-02    0.610E-02    0.000E+00    0.000E+00
     3.025     0.130    0.681E+00    0.434E+00    0.111E+01    0.780E-01    0.120E+00    0.427E-01    0.427E-01    0.531E-02    0.531E-02    0.000E+00    0.000E+00
     3.025     0.140    0.689E+00    0.428E+00    0.101E+01    0.719E-01    0.112E+00    0.396E-01    0.396E-01    0.465E-02    0.465E-02    0.000E+00    0.000E+00
     3.025     0.150    0.695E+00    0.421E+00    0.916E+00    0.664E-01    0.105E+00    0.367E-01    0.367E-01    0.408E-02    0.408E-02    0.000E+00    0.000E+00
     3.025     0.160    0.700E+00    0.414E+00    0.832E+00    0.615E-01    0.972E-01    0.339E-01    0.339E-01    0.360E-02    0.360E-02    0.000E+00    0.000E+00
     3.025     0.170    0.704E+00    0.406E+00    0.758E+00    0.571E-01    0.899E-01    0.313E-01    0.313E-01    0.319E-02    0.319E-02    0.000E+00    0.000E+00
     3.025     0.180    0.706E+00    0.399E+00    0.691E+00    0.531E-01    0.828E-01    0.289E-01    0.289E-01    0.284E-02    0.284E-02    0.000E+00    0.000E+00
     3.025     0.190    0.707E+00    0.391E+00    0.632E+00    0.494E-01    0.759E-01    0.266E-01    0.266E-01    0.253E-02    0.253E-02    0.000E+00    0.000E+00
     3.025     0.200    0.706E+00    0.382E+00    0.579E+00    0.460E-01    0.694E-01    0.244E-01    0.244E-01    0.226E-02    0.226E-02    0.000E+00    0.000E+00
     3.025     0.210    0.704E+00    0.374E+00    0.532E+00    0.429E-01    0.632E-01    0.224E-01    0.224E-01    0.203E-02    0.203E-02    0.000E+00    0.000E+00
     3.025     0.220    0.700E+00    0.365E+00    0.489E+00    0.399E-01    0.574E-01    0.206E-01    0.206E-01    0.182E-02    0.182E-02    0.000E+00    0.000E+00
     3.025     0.230    0.696E+00    0.356E+00    0.451E+00    0.371E-01    0.520E-01    0.188E-01    0.188E-01    0.164E-02    0.164E-02    0.000E+00    0.000E+00
     3.025     0.240    0.690E+00    0.347E+00    0.418E+00    0.345E-01    0.469E-01    0.172E-01    0.172E-01    0.148E-02    0.148E-02    0.000E+00    0.000E+00
     3.025     0.250    0.683E+00    0.338E+00    0.387E+00    0.320E-01    0.423E-01    0.156E-01    0.156E-01    0.133E-02    0.133E-02    0.000E+00    0.000E+00
     3.025     0.260    0.675E+00    0.329E+00    0.359E+00    0.296E-01    0.380E-01    0.142E-01    0.142E-01    0.120E-02    0.120E-02    0.000E+00    0.000E+00
     3.025     0.270    0.666E+00    0.319E+00    0.334E+00    0.273E-01    0.341E-01    0.129E-01    0.129E-01    0.109E-02    0.109E-02    0.000E+00    0.000E+00
     3.025     0.280    0.656E+00    0.310E+00    0.311E+00    0.251E-01    0.305E-01    0.117E-01    0.117E-01    0.982E-03    0.982E-03    0.000E+00    0.000E+00
     3.025     0.290    0.645E+00    0.300E+00    0.290E+00    0.230E-01    0.273E-01    0.106E-01    0.106E-01    0.887E-03    0.887E-03    0.000E+00    0.000E+00
     3.025     0.300    0.633E+00    0.290E+00    0.271E+00    0.210E-01    0.244E-01    0.956E-02    0.956E-02    0.800E-03    0.800E-03    0.000E+00    0.000E+00
     3.025     0.310    0.620E+00    0.280E+00    0.253E+00    0.192E-01    0.217E-01    0.862E-02    0.862E-02    0.722E-03    0.722E-03    0.000E+00    0.000E+00
     3.025     0.320    0.607E+00    0.270E+00    0.237E+00    0.174E-01    0.194E-01    0.774E-02    0.774E-02    0.650E-03    0.650E-03    0.000E+00    0.000E+00
     3.025     0.330    0.593E+00    0.259E+00    0.221E+00    0.158E-01    0.172E-01    0.695E-02    0.695E-02    0.584E-03    0.584E-03    0.000E+00    0.000E+00
     3.025     0.340    0.579E+00    0.249E+00    0.207E+00    0.142E-01    0.153E-01    0.621E-02    0.621E-02    0.525E-03    0.525E-03    0.000E+00    0.000E+00
     3.025     0.350    0.564E+00    0.238E+00    0.194E+00    0.128E-01    0.136E-01    0.555E-02    0.555E-02    0.470E-03    0.470E-03    0.000E+00    0.000E+00
     3.025     0.360    0.549E+00    0.228E+00    0.181E+00    0.114E-01    0.120E-01    0.494E-02    0.494E-02    0.421E-03    0.421E-03    0.000E+00    0.000E+00
     3.025     0.370    0.533E+00    0.217E+00    0.169E+00    0.102E-01    0.106E-01    0.439E-02    0.439E-02    0.375E-03    0.375E-03    0.000E+00    0.000E+00
     3.025     0.380    0.517E+00    0.207E+00    0.158E+00    0.908E-02    0.938E-02    0.389E-02    0.389E-02    0.334E-03    0.334E-03    0.000E+00    0.000E+00
     3.025     0.390    0.501E+00    0.196E+00    0.147E+00    0.806E-02    0.826E-02    0.344E-02    0.344E-02    0.297E-03    0.297E-03    0.000E+00    0.000E+00
     3.025     0.400    0.485E+00    0.186E+00    0.137E+00    0.712E-02    0.726E-02    0.303E-02    0.303E-02    0.263E-03    0.263E-03    0.000E+00    0.000E+00
     3.025     0.410    0.468E+00    0.175E+00    0.127E+00    0.628E-02    0.637E-02    0.267E-02    0.267E-02    0.232E-03    0.232E-03    0.000E+00    0.000E+00
     3.025     0.420    0.451E+00    0.165E+00    0.118E+00    0.551E-02    0.558E-02    0.234E-02    0.234E-02    0.204E-03    0.204E-03    0.000E+00    0.000E+00
     3.025     0.430    0.435E+00    0.155E+00    0.109E+00    0.483E-02    0.487E-02    0.205E-02    0.205E-02    0.179E-03    0.179E-03    0.000E+00    0.000E+00
     3.025     0.440    0.418E+00    0.146E+00    0.101E+00    0.421E-02    0.424E-02    0.179E-02    0.179E-02    0.157E-03    0.157E-03    0.000E+00    0.000E+00
     3.025     0.450    0.401E+00    0.136E+00    0.931E-01    0.367E-02    0.368E-02    0.155E-02    0.155E-02    0.136E-03    0.136E-03    0.000E+00    0.000E+00
     3.025     0.460    0.385E+00    0.127E+00    0.856E-01    0.318E-02    0.319E-02    0.134E-02    0.134E-02    0.118E-03    0.118E-03    0.000E+00    0.000E+00
     3.025     0.470    0.368E+00    0.118E+00    0.786E-01    0.275E-02    0.276E-02    0.116E-02    0.116E-02    0.102E-03    0.102E-03    0.000E+00    0.000E+00
     3.025     0.480    0.352E+00    0.110E+00    0.720E-01    0.237E-02    0.237E-02    0.100E-02    0.100E-02    0.878E-04    0.878E-04    0.000E+00    0.000E+00
     3.025     0.490    0.335E+00    0.102E+00    0.657E-01    0.203E-02    0.203E-02    0.858E-03    0.858E-03    0.752E-04    0.752E-04    0.000E+00    0.000E+00
     3.025     0.500    0.319E+00    0.938E-01    0.598E-01    0.174E-02    0.174E-02    0.734E-03    0.734E-03    0.640E-04    0.640E-04    0.000E+00    0.000E+00
     3.025     0.510    0.303E+00    0.863E-01    0.543E-01    0.148E-02    0.148E-02    0.625E-03    0.625E-03    0.543E-04    0.543E-04    0.000E+00    0.000E+00
     3.025     0.520    0.288E+00    0.792E-01    0.491E-01    0.126E-02    0.126E-02    0.530E-03    0.530E-03    0.457E-04    0.457E-04    0.000E+00    0.000E+00
     3.025     0.530    0.272E+00    0.725E-01    0.443E-01    0.106E-02    0.106E-02    0.448E-03    0.448E-03    0.383E-04    0.383E-04    0.000E+00    0.000E+00
     3.025     0.540    0.257E+00    0.661E-01    0.398E-01    0.894E-03    0.894E-03    0.377E-03    0.377E-03    0.319E-04    0.319E-04    0.000E+00    0.000E+00
     3.025     0.550    0.243E+00    0.602E-01    0.357E-01    0.749E-03    0.749E-03    0.315E-03    0.315E-03    0.264E-04    0.264E-04    0.000E+00    0.000E+00
     3.025     0.560    0.229E+00    0.545E-01    0.319E-01    0.625E-03    0.625E-03    0.263E-03    0.263E-03    0.216E-04    0.216E-04    0.000E+00    0.000E+00
     3.025     0.570    0.215E+00    0.493E-01    0.283E-01    0.519E-03    0.519E-03    0.218E-03    0.218E-03    0.176E-04    0.176E-04    0.000E+00    0.000E+00
     3.025     0.580    0.201E+00    0.444E-01    0.251E-01    0.429E-03    0.429E-03    0.180E-03    0.180E-03    0.142E-04    0.142E-04    0.000E+00    0.000E+00
     3.025     0.590    0.188E+00    0.399E-01    0.221E-01    0.353E-03    0.353E-03    0.148E-03    0.148E-03    0.114E-04    0.114E-04    0.000E+00    0.000E+00
     3.025     0.600    0.175E+00    0.357E-01    0.194E-01    0.289E-03    0.289E-03    0.121E-03    0.121E-03    0.902E-05    0.902E-05    0.000E+00    0.000E+00
     3.025     0.610    0.163E+00    0.319E-01    0.170E-01    0.235E-03    0.235E-03    0.982E-04    0.982E-04    0.707E-05    0.707E-05    0.000E+00    0.000E+00
     3.025     0.620    0.151E+00    0.284E-01    0.148E-01    0.190E-03    0.190E-03    0.792E-04    0.792E-04    0.546E-05    0.546E-05    0.000E+00    0.000E+00
     3.025     0.630    0.140E+00    0.252E-01    0.128E-01    0.153E-03    0.153E-03    0.635E-04    0.635E-04    0.416E-05    0.416E-05    0.000E+00    0.000E+00
     3.025     0.640    0.129E+00    0.222E-01    0.110E-01    0.122E-03    0.122E-03    0.506E-04    0.506E-04    0.311E-05    0.311E-05    0.000E+00    0.000E+00
     3.025     0.650    0.119E+00    0.196E-01    0.943E-02    0.966E-04    0.966E-04    0.400E-04    0.400E-04    0.228E-05    0.228E-05    0.000E+00    0.000E+00
     3.025     0.660    0.109E+00    0.172E-01    0.803E-02    0.760E-04    0.760E-04    0.314E-04    0.314E-04    0.163E-05    0.163E-05    0.000E+00    0.000E+00
     3.025     0.670    0.993E-01    0.150E-01    0.680E-02    0.593E-04    0.593E-04    0.244E-04    0.244E-04    0.112E-05    0.112E-05    0.000E+00    0.000E+00
     3.025     0.680    0.904E-01    0.131E-01    0.572E-02    0.460E-04    0.460E-04    0.188E-04    0.188E-04    0.742E-06    0.742E-06    0.000E+00    0.000E+00
     3.025     0.690    0.820E-01    0.114E-01    0.478E-02    0.352E-04    0.352E-04    0.144E-04    0.144E-04    0.457E-06    0.457E-06    0.000E+00    0.000E+00
     3.025     0.700    0.741E-01    0.984E-02    0.397E-02    0.268E-04    0.268E-04    0.109E-04    0.109E-04    0.252E-06    0.252E-06    0.000E+00    0.000E+00
     3.025     0.710    0.666E-01    0.848E-02    0.327E-02    0.202E-04    0.202E-04    0.813E-05    0.813E-05    0.103E-06    0.103E-06    0.000E+00    0.000E+00
     3.025     0.720    0.596E-01    0.729E-02    0.267E-02    0.150E-04    0.150E-04    0.602E-05    0.602E-05    0.130E-07    0.130E-07    0.000E+00    0.000E+00
     3.025     0.730    0.531E-01    0.623E-02    0.216E-02    0.110E-04    0.110E-04    0.438E-05    0.438E-05    0.000E+00    0.000E+00    0.000E+00    0.000E+00
     3.025     0.740    0.471E-01    0.531E-02    0.174E-02    0.802E-05    0.802E-05    0.316E-05    0.316E-05    0.000E+00    0.000E+00    0.000E+00    0.000E+00
     3.025     0.750    0.415E-01    0.451E-02    0.138E-02    0.574E-05    0.574E-05    0.224E-05    0.224E-05    0.000E+00    0.000E+00    0.000E+00    0.000E+00
     3.025     0.760    0.364E-01    0.381E-02    0.109E-02    0.405E-05    0.405E-05    0.156E-05    0.156E-05    0.000E+00    0.000E+00    0.000E+00    0.000E+00
     3.025     0.770    0.316E-01    0.320E-02    0.847E-03    0.282E-05    0.282E-05    0.107E-05    0.107E-05    0.000E+00    0.000E+00    0.000E+00    0.000E+00
     3.025     0.780    0.273E-01    0.268E-02    0.651E-03    0.191E-05    0.191E-05    0.712E-06    0.712E-06    0.000E+00    0.000E+00    0.000E+00    0.000E+00
     3.025     0.790    0.235E-01    0.223E-02    0.496E-03    0.129E-05    0.129E-05    0.470E-06    0.470E-06    0.000E+00    0.000E+00    0.000E+00    0.000E+00
     3.025     0.800    0.199E-01    0.185E-02    0.371E-03    0.834E-06    0.834E-06    0.296E-06    0.296E-06    0.000E+00    0.000E+00    0.000E+00    0.000E+00
     3.025     0.810    0.168E-01    0.152E-02    0.274E-03    0.535E-06    0.535E-06    0.184E-06    0.184E-06    0.000E+00    0.000E+00    0.000E+00    0.000E+00
     3.025     0.820    0.140E-01    0.124E-02    0.199E-03    0.329E-06    0.329E-06    0.109E-06    0.109E-06    0.000E+00    0.000E+00    0.000E+00    0.000E+00
     3.025     0.830    0.116E-01    0.101E-02    0.142E-03    0.197E-06    0.197E-06    0.613E-07    0.613E-07    0.000E+00    0.000E+00    0.000E+00    0.000E+00
     3.025     0.840    0.940E-02    0.809E-03    0.991E-04    0.115E-06    0.115E-06    0.332E-07    0.332E-07    0.000E+00    0.000E+00    0.000E+00    0.000E+00
     3.025     0.850    0.754E-02    0.642E-03    0.675E-04    0.616E-07    0.616E-07    0.158E-07    0.158E-07    0.000E+00    0.000E+00    0.000E+00    0.000E+00
     3.025     0.860    0.595E-02    0.504E-03    0.453E-04    0.336E-07    0.336E-07    0.746E-08    0.746E-08    0.000E+00    0.000E+00    0.000E+00    0.000E+00
     3.025     0.870    0.461E-02    0.389E-03    0.292E-04    0.152E-07    0.152E-07    0.215E-08    0.215E-08    0.000E+00    0.000E+00    0.000E+00    0.000E+00
     3.025     0.880    0.349E-02    0.295E-03    0.184E-04    0.700E-08    0.700E-08    0.352E-09    0.352E-09    0.000E+00    0.000E+00    0.000E+00    0.000E+00
     3.025     0.890    0.258E-02    0.218E-03    0.111E-04    0.245E-08    0.245E-08    0.000E+00    0.000E+00    0.000E+00    0.000E+00    0.000E+00    0.000E+00
     3.025     0.900    0.185E-02    0.157E-03    0.643E-05    0.538E-09    0.538E-09    0.000E+00    0.000E+00    0.000E+00    0.000E+00    0.000E+00    0.000E+00
     3.025     0.910    0.128E-02    0.110E-03    0.359E-05    0.783E-10    0.783E-10    0.000E+00    0.000E+00    0.000E+00    0.000E+00    0.000E+00    0.000E+00
     3.025     0.920    0.841E-03    0.730E-04    0.181E-05    0.000E+00    0.000E+00    0.000E+00    0.000E+00    0.000E+00    0.000E+00    0.000E+00    0.000E+00
     3.025     0.930    0.524E-03    0.462E-04    0.932E-06    0.000E+00    0.000E+00    0.000E+00    0.000E+00    0.000E+00    0.000E+00    0.000E+00    0.000E+00
     3.025     0.940    0.301E-03    0.270E-04    0.363E-06    0.000E+00    0.000E+00    0.000E+00    0.000E+00    0.000E+00    0.000E+00    0.000E+00    0.000E+00
     3.025     0.950    0.156E-03    0.142E-04    0.146E-06    0.000E+00    0.000E+00    0.000E+00    0.000E+00    0.000E+00    0.000E+00    0.000E+00    0.000E+00
     3.025     0.960    0.632E-04    0.589E-05    0.365E-07    0.758E-13    0.758E-13    0.000E+00    0.000E+00    0.000E+00    0.000E+00    0.000E+00    0.000E+00
     3.025     0.970    0.126E-04    0.122E-05    0.000E+00    0.315E-12    0.315E-12    0.000E+00    0.000E+00    0.000E+00    0.000E+00    0.000E+00    0.000E+00
     3.025     0.980    0.000E+00    0.000E+00    0.115E-07    0.526E-12    0.526E-12    0.000E+00    0.000E+00    0.000E+00    0.000E+00    0.000E+00    0.000E+00
     3.025     0.990    0.000E+00    0.000E+00    0.298E-07    0.494E-12    0.494E-12    0.000E+00    0.000E+00    0.000E+00    0.000E+00    0.000E+00    0.000E+00

