Q2	W	TMC_xsection	TMC_HT_xsection
1.400000e+01	1.070000e+00	2.670995e-08	3.126228e-08
1.400000e+01	1.080000e+00	2.865607e-08	3.350246e-08
1.400000e+01	1.090000e+00	3.065333e-08	3.579715e-08
1.400000e+01	1.100000e+00	3.272080e-08	3.816839e-08
1.400000e+01	1.110000e+00	3.487401e-08	4.063396e-08
1.400000e+01	1.120000e+00	3.712731e-08	4.321022e-08
1.400000e+01	1.130000e+00	3.949432e-08	4.591259e-08
1.400000e+01	1.140000e+00	4.198836e-08	4.875605e-08
1.400000e+01	1.150000e+00	4.462299e-08	5.175581e-08
1.400000e+01	1.160000e+00	4.741168e-08	5.492691e-08
1.400000e+01	1.170000e+00	5.036811e-08	5.828454e-08
1.400000e+01	1.180000e+00	5.350644e-08	6.184438e-08
1.400000e+01	1.190000e+00	5.684094e-08	6.562216e-08
1.400000e+01	1.200000e+00	6.038623e-08	6.963395e-08
1.400000e+01	1.210000e+00	6.415747e-08	7.389633e-08
1.400000e+01	1.220000e+00	6.817011e-08	7.842617e-08
1.400000e+01	1.230000e+00	7.243991e-08	8.324058e-08
1.400000e+01	1.240000e+00	7.698327e-08	8.835736e-08
1.400000e+01	1.250000e+00	8.167971e-08	9.363729e-08
1.400000e+01	1.260000e+00	8.647076e-08	9.901285e-08
1.400000e+01	1.270000e+00	9.140227e-08	1.045361e-07
1.400000e+01	1.280000e+00	9.650329e-08	1.102395e-07
1.400000e+01	1.290000e+00	1.017979e-07	1.161501e-07
1.400000e+01	1.300000e+00	1.073082e-07	1.222921e-07
1.400000e+01	1.310000e+00	1.130551e-07	1.286885e-07
1.400000e+01	1.320000e+00	1.190595e-07	1.353621e-07
1.400000e+01	1.330000e+00	1.253417e-07	1.423349e-07
1.400000e+01	1.340000e+00	1.319220e-07	1.496289e-07
1.400000e+01	1.350000e+00	1.388211e-07	1.572663e-07
1.400000e+01	1.360000e+00	1.460597e-07	1.652694e-07
1.400000e+01	1.370000e+00	1.536591e-07	1.736606e-07
1.400000e+01	1.380000e+00	1.616406e-07	1.824628e-07
1.400000e+01	1.390000e+00	1.700259e-07	1.916988e-07
1.400000e+01	1.400000e+00	1.788372e-07	2.013922e-07
1.400000e+01	1.410000e+00	1.879963e-07	2.114532e-07
1.400000e+01	1.420000e+00	1.973374e-07	2.216944e-07
1.400000e+01	1.430000e+00	2.069250e-07	2.321874e-07
1.400000e+01	1.440000e+00	2.168010e-07	2.429783e-07
1.400000e+01	1.450000e+00	2.269986e-07	2.541031e-07
1.400000e+01	1.460000e+00	2.375478e-07	2.655940e-07
1.400000e+01	1.470000e+00	2.484762e-07	2.774808e-07
1.400000e+01	1.480000e+00	2.598107e-07	2.897920e-07
1.400000e+01	1.490000e+00	2.715780e-07	3.025555e-07
1.400000e+01	1.500000e+00	2.838040e-07	3.157989e-07
1.400000e+01	1.510000e+00	2.965150e-07	3.295495e-07
1.400000e+01	1.520000e+00	3.097371e-07	3.438345e-07
1.400000e+01	1.530000e+00	3.234967e-07	3.586813e-07
1.400000e+01	1.540000e+00	3.378202e-07	3.741172e-07
1.400000e+01	1.550000e+00	3.527347e-07	3.901699e-07
1.400000e+01	1.560000e+00	3.682109e-07	4.068052e-07
1.400000e+01	1.570000e+00	3.840037e-07	4.237504e-07
1.400000e+01	1.580000e+00	4.001665e-07	4.410634e-07
1.400000e+01	1.590000e+00	4.167536e-07	4.588026e-07
1.400000e+01	1.600000e+00	4.338056e-07	4.770114e-07
1.400000e+01	1.610000e+00	4.513582e-07	4.957274e-07
1.400000e+01	1.620000e+00	4.694442e-07	5.149845e-07
1.400000e+01	1.630000e+00	4.880948e-07	5.348155e-07
1.400000e+01	1.640000e+00	5.073403e-07	5.552512e-07
1.400000e+01	1.650000e+00	5.272104e-07	5.763224e-07
1.400000e+01	1.660000e+00	5.477348e-07	5.980592e-07
1.400000e+01	1.670000e+00	5.689428e-07	6.204913e-07
1.400000e+01	1.680000e+00	5.908638e-07	6.436486e-07
1.400000e+01	1.690000e+00	6.135272e-07	6.675604e-07
1.400000e+01	1.700000e+00	6.369627e-07	6.922567e-07
1.400000e+01	1.710000e+00	6.609872e-07	7.175363e-07
1.400000e+01	1.720000e+00	6.854737e-07	7.432596e-07
1.400000e+01	1.730000e+00	7.105059e-07	7.695158e-07
1.400000e+01	1.740000e+00	7.361346e-07	7.963582e-07
1.400000e+01	1.750000e+00	7.624006e-07	8.238293e-07
1.400000e+01	1.760000e+00	7.893408e-07	8.519666e-07
1.400000e+01	1.770000e+00	8.169892e-07	8.808049e-07
1.400000e+01	1.780000e+00	8.453789e-07	9.103776e-07
1.400000e+01	1.790000e+00	8.745412e-07	9.407161e-07
1.400000e+01	1.800000e+00	9.045074e-07	9.718519e-07
1.400000e+01	1.810000e+00	9.353085e-07	1.003815e-06
1.400000e+01	1.820000e+00	9.669748e-07	1.036637e-06
1.400000e+01	1.830000e+00	9.995368e-07	1.070347e-06
1.400000e+01	1.840000e+00	1.033025e-06	1.104974e-06
1.400000e+01	1.850000e+00	1.067267e-06	1.140333e-06
1.400000e+01	1.860000e+00	1.102108e-06	1.176255e-06
1.400000e+01	1.870000e+00	1.137635e-06	1.212832e-06
1.400000e+01	1.880000e+00	1.173897e-06	1.250115e-06
1.400000e+01	1.890000e+00	1.210934e-06	1.288144e-06
1.400000e+01	1.900000e+00	1.248783e-06	1.326956e-06
1.400000e+01	1.910000e+00	1.287474e-06	1.366582e-06
1.400000e+01	1.920000e+00	1.327041e-06	1.407053e-06
1.400000e+01	1.930000e+00	1.367511e-06	1.448399e-06
1.400000e+01	1.940000e+00	1.408915e-06	1.490647e-06
1.400000e+01	1.950000e+00	1.451281e-06	1.533825e-06
1.400000e+01	1.960000e+00	1.494636e-06	1.577961e-06
1.400000e+01	1.970000e+00	1.539008e-06	1.623081e-06
1.400000e+01	1.980000e+00	1.584421e-06	1.669206e-06
1.400000e+01	1.990000e+00	1.630630e-06	1.716078e-06
1.400000e+01	2.000000e+00	1.677603e-06	1.763660e-06
1.400000e+01	2.010000e+00	1.725404e-06	1.812018e-06
1.400000e+01	2.020000e+00	1.774076e-06	1.861195e-06
1.400000e+01	2.030000e+00	1.823651e-06	1.911224e-06
1.400000e+01	2.040000e+00	1.874162e-06	1.962136e-06
1.400000e+01	2.050000e+00	1.925635e-06	2.013956e-06
1.400000e+01	2.060000e+00	1.978098e-06	2.066712e-06
1.400000e+01	2.070000e+00	2.031575e-06	2.120427e-06
1.400000e+01	2.080000e+00	2.086092e-06	2.175125e-06
1.400000e+01	2.090000e+00	2.141673e-06	2.230829e-06
1.400000e+01	2.100000e+00	2.198341e-06	2.287562e-06
1.400000e+01	2.110000e+00	2.256121e-06	2.345345e-06
1.400000e+01	2.120000e+00	2.314947e-06	2.404108e-06
1.400000e+01	2.130000e+00	2.374607e-06	2.463631e-06
1.400000e+01	2.140000e+00	2.435165e-06	2.523977e-06
1.400000e+01	2.150000e+00	2.496662e-06	2.585188e-06
1.400000e+01	2.160000e+00	2.559129e-06	2.647293e-06
