     Q**2          x         u           d           g          ub          db          sb          s          cb          c          bb          b
     4.025     0.010    0.418E+00    0.383E+00    0.355E+01    0.261E+00    0.282E+00    0.134E+00    0.134E+00    0.417E-01    0.417E-01    0.000E+00    0.000E+00
     4.025     0.020    0.431E+00    0.390E+00    0.286E+01    0.217E+00    0.236E+00    0.111E+00    0.111E+00    0.336E-01    0.336E-01    0.000E+00    0.000E+00
     4.025     0.030    0.451E+00    0.396E+00    0.248E+01    0.191E+00    0.207E+00    0.967E-01    0.967E-01    0.286E-01    0.286E-01    0.000E+00    0.000E+00
     4.025     0.040    0.472E+00    0.401E+00    0.224E+01    0.173E+00    0.186E+00    0.870E-01    0.870E-01    0.251E-01    0.251E-01    0.000E+00    0.000E+00
     4.025     0.050    0.492E+00    0.405E+00    0.205E+01    0.157E+00    0.170E+00    0.788E-01    0.788E-01    0.223E-01    0.223E-01    0.000E+00    0.000E+00
     4.025     0.060    0.510E+00    0.407E+00    0.189E+01    0.143E+00    0.157E+00    0.721E-01    0.721E-01    0.200E-01    0.200E-01    0.000E+00    0.000E+00
     4.025     0.070    0.527E+00    0.408E+00    0.175E+01    0.130E+00    0.147E+00    0.662E-01    0.662E-01    0.180E-01    0.180E-01    0.000E+00    0.000E+00
     4.025     0.080    0.542E+00    0.408E+00    0.163E+01    0.119E+00    0.138E+00    0.610E-01    0.610E-01    0.162E-01    0.162E-01    0.000E+00    0.000E+00
     4.025     0.090    0.556E+00    0.407E+00    0.152E+01    0.108E+00    0.130E+00    0.564E-01    0.564E-01    0.147E-01    0.147E-01    0.000E+00    0.000E+00
     4.025     0.100    0.569E+00    0.405E+00    0.142E+01    0.983E-01    0.123E+00    0.522E-01    0.522E-01    0.133E-01    0.133E-01    0.000E+00    0.000E+00
     4.025     0.110    0.581E+00    0.403E+00    0.133E+01    0.897E-01    0.116E+00    0.484E-01    0.484E-01    0.121E-01    0.121E-01    0.000E+00    0.000E+00
     4.025     0.120    0.592E+00    0.399E+00    0.124E+01    0.821E-01    0.109E+00    0.449E-01    0.449E-01    0.110E-01    0.110E-01    0.000E+00    0.000E+00
     4.025     0.130    0.602E+00    0.395E+00    0.116E+01    0.753E-01    0.103E+00    0.417E-01    0.417E-01    0.997E-02    0.997E-02    0.000E+00    0.000E+00
     4.025     0.140    0.611E+00    0.391E+00    0.109E+01    0.694E-01    0.971E-01    0.387E-01    0.387E-01    0.906E-02    0.906E-02    0.000E+00    0.000E+00
     4.025     0.150    0.618E+00    0.386E+00    0.101E+01    0.641E-01    0.912E-01    0.360E-01    0.360E-01    0.823E-02    0.823E-02    0.000E+00    0.000E+00
     4.025     0.160    0.625E+00    0.380E+00    0.947E+00    0.594E-01    0.856E-01    0.335E-01    0.335E-01    0.747E-02    0.747E-02    0.000E+00    0.000E+00
     4.025     0.170    0.630E+00    0.374E+00    0.884E+00    0.552E-01    0.801E-01    0.311E-01    0.311E-01    0.678E-02    0.678E-02    0.000E+00    0.000E+00
     4.025     0.180    0.634E+00    0.367E+00    0.823E+00    0.515E-01    0.748E-01    0.289E-01    0.289E-01    0.615E-02    0.615E-02    0.000E+00    0.000E+00
     4.025     0.190    0.637E+00    0.360E+00    0.767E+00    0.482E-01    0.697E-01    0.269E-01    0.269E-01    0.558E-02    0.558E-02    0.000E+00    0.000E+00
     4.025     0.200    0.639E+00    0.353E+00    0.714E+00    0.452E-01    0.648E-01    0.250E-01    0.250E-01    0.506E-02    0.506E-02    0.000E+00    0.000E+00
     4.025     0.210    0.640E+00    0.346E+00    0.663E+00    0.424E-01    0.602E-01    0.233E-01    0.233E-01    0.458E-02    0.458E-02    0.000E+00    0.000E+00
     4.025     0.220    0.639E+00    0.338E+00    0.616E+00    0.399E-01    0.558E-01    0.216E-01    0.216E-01    0.414E-02    0.414E-02    0.000E+00    0.000E+00
     4.025     0.230    0.637E+00    0.330E+00    0.571E+00    0.375E-01    0.517E-01    0.201E-01    0.201E-01    0.374E-02    0.374E-02    0.000E+00    0.000E+00
     4.025     0.240    0.635E+00    0.322E+00    0.529E+00    0.354E-01    0.478E-01    0.187E-01    0.187E-01    0.338E-02    0.338E-02    0.000E+00    0.000E+00
     4.025     0.250    0.631E+00    0.314E+00    0.489E+00    0.333E-01    0.441E-01    0.173E-01    0.173E-01    0.304E-02    0.304E-02    0.000E+00    0.000E+00
     4.025     0.260    0.626E+00    0.305E+00    0.452E+00    0.314E-01    0.407E-01    0.161E-01    0.161E-01    0.274E-02    0.274E-02    0.000E+00    0.000E+00
     4.025     0.270    0.621E+00    0.297E+00    0.417E+00    0.296E-01    0.375E-01    0.149E-01    0.149E-01    0.247E-02    0.247E-02    0.000E+00    0.000E+00
     4.025     0.280    0.614E+00    0.288E+00    0.384E+00    0.278E-01    0.345E-01    0.138E-01    0.138E-01    0.221E-02    0.221E-02    0.000E+00    0.000E+00
     4.025     0.290    0.606E+00    0.279E+00    0.354E+00    0.262E-01    0.318E-01    0.128E-01    0.128E-01    0.199E-02    0.199E-02    0.000E+00    0.000E+00
     4.025     0.300    0.598E+00    0.270E+00    0.325E+00    0.246E-01    0.292E-01    0.118E-01    0.118E-01    0.178E-02    0.178E-02    0.000E+00    0.000E+00
     4.025     0.310    0.589E+00    0.261E+00    0.298E+00    0.231E-01    0.269E-01    0.109E-01    0.109E-01    0.159E-02    0.159E-02    0.000E+00    0.000E+00
     4.025     0.320    0.579E+00    0.252E+00    0.273E+00    0.216E-01    0.247E-01    0.101E-01    0.101E-01    0.142E-02    0.142E-02    0.000E+00    0.000E+00
     4.025     0.330    0.568E+00    0.243E+00    0.250E+00    0.202E-01    0.227E-01    0.934E-02    0.934E-02    0.127E-02    0.127E-02    0.000E+00    0.000E+00
     4.025     0.340    0.557E+00    0.234E+00    0.228E+00    0.189E-01    0.208E-01    0.861E-02    0.861E-02    0.113E-02    0.113E-02    0.000E+00    0.000E+00
     4.025     0.350    0.545E+00    0.224E+00    0.208E+00    0.176E-01    0.191E-01    0.794E-02    0.794E-02    0.100E-02    0.100E-02    0.000E+00    0.000E+00
     4.025     0.360    0.533E+00    0.215E+00    0.189E+00    0.163E-01    0.175E-01    0.731E-02    0.731E-02    0.891E-03    0.891E-03    0.000E+00    0.000E+00
     4.025     0.370    0.520E+00    0.206E+00    0.172E+00    0.152E-01    0.161E-01    0.672E-02    0.672E-02    0.790E-03    0.790E-03    0.000E+00    0.000E+00
     4.025     0.380    0.507E+00    0.197E+00    0.156E+00    0.140E-01    0.147E-01    0.617E-02    0.617E-02    0.698E-03    0.698E-03    0.000E+00    0.000E+00
     4.025     0.390    0.493E+00    0.188E+00    0.141E+00    0.130E-01    0.135E-01    0.567E-02    0.567E-02    0.616E-03    0.616E-03    0.000E+00    0.000E+00
     4.025     0.400    0.480E+00    0.179E+00    0.128E+00    0.120E-01    0.124E-01    0.519E-02    0.519E-02    0.543E-03    0.543E-03    0.000E+00    0.000E+00
     4.025     0.410    0.465E+00    0.170E+00    0.115E+00    0.110E-01    0.113E-01    0.475E-02    0.475E-02    0.477E-03    0.477E-03    0.000E+00    0.000E+00
     4.025     0.420    0.451E+00    0.161E+00    0.104E+00    0.101E-01    0.103E-01    0.435E-02    0.435E-02    0.418E-03    0.418E-03    0.000E+00    0.000E+00
     4.025     0.430    0.436E+00    0.153E+00    0.934E-01    0.929E-02    0.944E-02    0.397E-02    0.397E-02    0.366E-03    0.366E-03    0.000E+00    0.000E+00
     4.025     0.440    0.422E+00    0.144E+00    0.838E-01    0.850E-02    0.861E-02    0.361E-02    0.361E-02    0.320E-03    0.320E-03    0.000E+00    0.000E+00
     4.025     0.450    0.407E+00    0.136E+00    0.750E-01    0.776E-02    0.784E-02    0.329E-02    0.329E-02    0.279E-03    0.279E-03    0.000E+00    0.000E+00
     4.025     0.460    0.392E+00    0.128E+00    0.670E-01    0.707E-02    0.713E-02    0.299E-02    0.299E-02    0.242E-03    0.242E-03    0.000E+00    0.000E+00
     4.025     0.470    0.377E+00    0.120E+00    0.597E-01    0.643E-02    0.647E-02    0.271E-02    0.271E-02    0.210E-03    0.210E-03    0.000E+00    0.000E+00
     4.025     0.480    0.362E+00    0.112E+00    0.531E-01    0.584E-02    0.587E-02    0.245E-02    0.245E-02    0.182E-03    0.182E-03    0.000E+00    0.000E+00
     4.025     0.490    0.347E+00    0.105E+00    0.471E-01    0.528E-02    0.530E-02    0.221E-02    0.221E-02    0.157E-03    0.157E-03    0.000E+00    0.000E+00
     4.025     0.500    0.332E+00    0.979E-01    0.417E-01    0.477E-02    0.479E-02    0.199E-02    0.199E-02    0.135E-03    0.135E-03    0.000E+00    0.000E+00
     4.025     0.510    0.318E+00    0.910E-01    0.368E-01    0.430E-02    0.431E-02    0.179E-02    0.179E-02    0.115E-03    0.115E-03    0.000E+00    0.000E+00
     4.025     0.520    0.303E+00    0.844E-01    0.324E-01    0.386E-02    0.387E-02    0.161E-02    0.161E-02    0.988E-04    0.988E-04    0.000E+00    0.000E+00
     4.025     0.530    0.289E+00    0.780E-01    0.284E-01    0.346E-02    0.346E-02    0.143E-02    0.143E-02    0.841E-04    0.841E-04    0.000E+00    0.000E+00
     4.025     0.540    0.274E+00    0.719E-01    0.249E-01    0.309E-02    0.309E-02    0.128E-02    0.128E-02    0.715E-04    0.715E-04    0.000E+00    0.000E+00
     4.025     0.550    0.260E+00    0.661E-01    0.217E-01    0.275E-02    0.275E-02    0.114E-02    0.114E-02    0.605E-04    0.605E-04    0.000E+00    0.000E+00
     4.025     0.560    0.247E+00    0.606E-01    0.189E-01    0.244E-02    0.244E-02    0.101E-02    0.101E-02    0.511E-04    0.511E-04    0.000E+00    0.000E+00
     4.025     0.570    0.233E+00    0.553E-01    0.164E-01    0.216E-02    0.216E-02    0.888E-03    0.888E-03    0.429E-04    0.429E-04    0.000E+00    0.000E+00
     4.025     0.580    0.220E+00    0.504E-01    0.142E-01    0.190E-02    0.190E-02    0.780E-03    0.780E-03    0.359E-04    0.359E-04    0.000E+00    0.000E+00
     4.025     0.590    0.207E+00    0.457E-01    0.122E-01    0.166E-02    0.166E-02    0.683E-03    0.683E-03    0.300E-04    0.300E-04    0.000E+00    0.000E+00
     4.025     0.600    0.194E+00    0.414E-01    0.105E-01    0.145E-02    0.145E-02    0.595E-03    0.595E-03    0.249E-04    0.249E-04    0.000E+00    0.000E+00
     4.025     0.610    0.182E+00    0.373E-01    0.901E-02    0.126E-02    0.126E-02    0.515E-03    0.515E-03    0.206E-04    0.206E-04    0.000E+00    0.000E+00
     4.025     0.620    0.170E+00    0.334E-01    0.768E-02    0.108E-02    0.108E-02    0.444E-03    0.444E-03    0.169E-04    0.169E-04    0.000E+00    0.000E+00
     4.025     0.630    0.159E+00    0.299E-01    0.653E-02    0.929E-03    0.929E-03    0.380E-03    0.380E-03    0.139E-04    0.139E-04    0.000E+00    0.000E+00
     4.025     0.640    0.148E+00    0.266E-01    0.552E-02    0.789E-03    0.789E-03    0.323E-03    0.323E-03    0.113E-04    0.113E-04    0.000E+00    0.000E+00
     4.025     0.650    0.137E+00    0.236E-01    0.465E-02    0.666E-03    0.666E-03    0.272E-03    0.272E-03    0.918E-05    0.918E-05    0.000E+00    0.000E+00
     4.025     0.660    0.127E+00    0.208E-01    0.390E-02    0.556E-03    0.556E-03    0.227E-03    0.227E-03    0.740E-05    0.740E-05    0.000E+00    0.000E+00
     4.025     0.670    0.117E+00    0.183E-01    0.326E-02    0.459E-03    0.459E-03    0.187E-03    0.187E-03    0.593E-05    0.593E-05    0.000E+00    0.000E+00
     4.025     0.680    0.107E+00    0.159E-01    0.271E-02    0.374E-03    0.374E-03    0.152E-03    0.152E-03    0.473E-05    0.473E-05    0.000E+00    0.000E+00
     4.025     0.690    0.984E-01    0.138E-01    0.224E-02    0.300E-03    0.300E-03    0.122E-03    0.122E-03    0.374E-05    0.374E-05    0.000E+00    0.000E+00
     4.025     0.700    0.898E-01    0.119E-01    0.184E-02    0.236E-03    0.236E-03    0.961E-04    0.961E-04    0.295E-05    0.295E-05    0.000E+00    0.000E+00
     4.025     0.710    0.816E-01    0.102E-01    0.150E-02    0.181E-03    0.181E-03    0.737E-04    0.737E-04    0.230E-05    0.230E-05    0.000E+00    0.000E+00
     4.025     0.720    0.739E-01    0.873E-02    0.122E-02    0.134E-03    0.134E-03    0.547E-04    0.547E-04    0.178E-05    0.178E-05    0.000E+00    0.000E+00
     4.025     0.730    0.666E-01    0.739E-02    0.988E-03    0.944E-04    0.944E-04    0.386E-04    0.386E-04    0.137E-05    0.137E-05    0.000E+00    0.000E+00
     4.025     0.740    0.598E-01    0.620E-02    0.793E-03    0.616E-04    0.616E-04    0.253E-04    0.253E-04    0.104E-05    0.104E-05    0.000E+00    0.000E+00
     4.025     0.750    0.534E-01    0.516E-02    0.632E-03    0.337E-04    0.337E-04    0.140E-04    0.140E-04    0.787E-06    0.787E-06    0.000E+00    0.000E+00
     4.025     0.760    0.474E-01    0.426E-02    0.500E-03    0.116E-04    0.116E-04    0.502E-05    0.502E-05    0.588E-06    0.588E-06    0.000E+00    0.000E+00
     4.025     0.770    0.419E-01    0.348E-02    0.393E-03    0.000E+00    0.000E+00    0.000E+00    0.000E+00    0.436E-06    0.436E-06    0.000E+00    0.000E+00
     4.025     0.780    0.367E-01    0.281E-02    0.305E-03    0.000E+00    0.000E+00    0.000E+00    0.000E+00    0.318E-06    0.318E-06    0.000E+00    0.000E+00
     4.025     0.790    0.320E-01    0.225E-02    0.236E-03    0.000E+00    0.000E+00    0.000E+00    0.000E+00    0.231E-06    0.231E-06    0.000E+00    0.000E+00
     4.025     0.800    0.277E-01    0.179E-02    0.180E-03    0.000E+00    0.000E+00    0.000E+00    0.000E+00    0.164E-06    0.164E-06    0.000E+00    0.000E+00
     4.025     0.810    0.238E-01    0.141E-02    0.136E-03    0.000E+00    0.000E+00    0.000E+00    0.000E+00    0.116E-06    0.116E-06    0.000E+00    0.000E+00
     4.025     0.820    0.202E-01    0.109E-02    0.102E-03    0.000E+00    0.000E+00    0.000E+00    0.000E+00    0.801E-07    0.801E-07    0.000E+00    0.000E+00
     4.025     0.830    0.170E-01    0.828E-03    0.751E-04    0.000E+00    0.000E+00    0.000E+00    0.000E+00    0.545E-07    0.545E-07    0.000E+00    0.000E+00
     4.025     0.840    0.141E-01    0.617E-03    0.547E-04    0.000E+00    0.000E+00    0.000E+00    0.000E+00    0.366E-07    0.366E-07    0.000E+00    0.000E+00
     4.025     0.850    0.116E-01    0.451E-03    0.391E-04    0.000E+00    0.000E+00    0.000E+00    0.000E+00    0.238E-07    0.238E-07    0.000E+00    0.000E+00
     4.025     0.860    0.938E-02    0.323E-03    0.277E-04    0.000E+00    0.000E+00    0.000E+00    0.000E+00    0.154E-07    0.154E-07    0.000E+00    0.000E+00
     4.025     0.870    0.746E-02    0.224E-03    0.190E-04    0.000E+00    0.000E+00    0.000E+00    0.000E+00    0.945E-08    0.945E-08    0.000E+00    0.000E+00
     4.025     0.880    0.582E-02    0.151E-03    0.129E-04    0.000E+00    0.000E+00    0.000E+00    0.000E+00    0.577E-08    0.577E-08    0.000E+00    0.000E+00
     4.025     0.890    0.444E-02    0.984E-04    0.839E-05    0.000E+00    0.000E+00    0.000E+00    0.000E+00    0.332E-08    0.332E-08    0.000E+00    0.000E+00
     4.025     0.900    0.329E-02    0.614E-04    0.531E-05    0.000E+00    0.000E+00    0.000E+00    0.000E+00    0.184E-08    0.184E-08    0.000E+00    0.000E+00
     4.025     0.910    0.237E-02    0.365E-04    0.324E-05    0.000E+00    0.000E+00    0.000E+00    0.000E+00    0.988E-09    0.988E-09    0.000E+00    0.000E+00
     4.025     0.920    0.163E-02    0.201E-04    0.185E-05    0.000E+00    0.000E+00    0.000E+00    0.000E+00    0.465E-09    0.465E-09    0.000E+00    0.000E+00
     4.025     0.930    0.107E-02    0.106E-04    0.102E-05    0.000E+00    0.000E+00    0.000E+00    0.000E+00    0.234E-09    0.234E-09    0.000E+00    0.000E+00
     4.025     0.940    0.653E-03    0.467E-05    0.482E-06    0.000E+00    0.000E+00    0.000E+00    0.000E+00    0.826E-10    0.826E-10    0.000E+00    0.000E+00
     4.025     0.950    0.362E-03    0.193E-05    0.212E-06    0.000E+00    0.000E+00    0.000E+00    0.000E+00    0.344E-10    0.344E-10    0.000E+00    0.000E+00
     4.025     0.960    0.160E-03    0.517E-06    0.661E-07    0.247E-07    0.247E-07    0.988E-08    0.988E-08    0.968E-11    0.968E-11    0.000E+00    0.000E+00
     4.025     0.970    0.362E-04    0.000E+00    0.538E-08    0.593E-07    0.593E-07    0.237E-07    0.237E-07    0.000E+00    0.000E+00    0.000E+00    0.000E+00
     4.025     0.980    0.000E+00    0.963E-07    0.443E-08    0.788E-07    0.788E-07    0.315E-07    0.315E-07    0.289E-11    0.289E-11    0.000E+00    0.000E+00
     4.025     0.990    0.000E+00    0.281E-06    0.183E-07    0.652E-07    0.652E-07    0.261E-07    0.261E-07    0.741E-11    0.741E-11    0.000E+00    0.000E+00

