     Q**2          x         u           d           g          ub          db          sb          s          cb          c          bb          b
     4.025     0.010    0.411E+00    0.361E+00    0.354E+01    0.250E+00    0.270E+00    0.144E+00    0.144E+00    0.657E-01    0.657E-01    0.000E+00    0.000E+00
     4.025     0.020    0.452E+00    0.387E+00    0.328E+01    0.212E+00    0.234E+00    0.119E+00    0.119E+00    0.492E-01    0.492E-01    0.000E+00    0.000E+00
     4.025     0.030    0.491E+00    0.408E+00    0.301E+01    0.190E+00    0.211E+00    0.103E+00    0.103E+00    0.387E-01    0.387E-01    0.000E+00    0.000E+00
     4.025     0.040    0.526E+00    0.424E+00    0.274E+01    0.175E+00    0.195E+00    0.929E-01    0.929E-01    0.315E-01    0.315E-01    0.000E+00    0.000E+00
     4.025     0.050    0.556E+00    0.435E+00    0.248E+01    0.160E+00    0.182E+00    0.841E-01    0.841E-01    0.259E-01    0.259E-01    0.000E+00    0.000E+00
     4.025     0.060    0.581E+00    0.442E+00    0.224E+01    0.147E+00    0.172E+00    0.768E-01    0.768E-01    0.216E-01    0.216E-01    0.000E+00    0.000E+00
     4.025     0.070    0.602E+00    0.446E+00    0.202E+01    0.134E+00    0.163E+00    0.704E-01    0.704E-01    0.181E-01    0.181E-01    0.000E+00    0.000E+00
     4.025     0.080    0.619E+00    0.447E+00    0.182E+01    0.122E+00    0.155E+00    0.648E-01    0.648E-01    0.153E-01    0.153E-01    0.000E+00    0.000E+00
     4.025     0.090    0.635E+00    0.447E+00    0.164E+01    0.111E+00    0.148E+00    0.597E-01    0.597E-01    0.130E-01    0.130E-01    0.000E+00    0.000E+00
     4.025     0.100    0.648E+00    0.444E+00    0.147E+01    0.101E+00    0.141E+00    0.551E-01    0.551E-01    0.111E-01    0.111E-01    0.000E+00    0.000E+00
     4.025     0.110    0.659E+00    0.440E+00    0.132E+01    0.921E-01    0.133E+00    0.509E-01    0.509E-01    0.958E-02    0.958E-02    0.000E+00    0.000E+00
     4.025     0.120    0.668E+00    0.435E+00    0.119E+01    0.840E-01    0.126E+00    0.470E-01    0.470E-01    0.829E-02    0.829E-02    0.000E+00    0.000E+00
     4.025     0.130    0.676E+00    0.429E+00    0.108E+01    0.768E-01    0.118E+00    0.434E-01    0.434E-01    0.720E-02    0.720E-02    0.000E+00    0.000E+00
     4.025     0.140    0.683E+00    0.423E+00    0.971E+00    0.705E-01    0.111E+00    0.400E-01    0.400E-01    0.629E-02    0.629E-02    0.000E+00    0.000E+00
     4.025     0.150    0.688E+00    0.415E+00    0.879E+00    0.649E-01    0.103E+00    0.369E-01    0.369E-01    0.552E-02    0.552E-02    0.000E+00    0.000E+00
     4.025     0.160    0.692E+00    0.408E+00    0.796E+00    0.599E-01    0.957E-01    0.340E-01    0.340E-01    0.486E-02    0.486E-02    0.000E+00    0.000E+00
     4.025     0.170    0.694E+00    0.400E+00    0.723E+00    0.554E-01    0.884E-01    0.313E-01    0.313E-01    0.430E-02    0.430E-02    0.000E+00    0.000E+00
     4.025     0.180    0.694E+00    0.391E+00    0.658E+00    0.514E-01    0.814E-01    0.288E-01    0.288E-01    0.381E-02    0.381E-02    0.000E+00    0.000E+00
     4.025     0.190    0.694E+00    0.383E+00    0.600E+00    0.477E-01    0.746E-01    0.265E-01    0.265E-01    0.340E-02    0.340E-02    0.000E+00    0.000E+00
     4.025     0.200    0.692E+00    0.374E+00    0.549E+00    0.443E-01    0.681E-01    0.243E-01    0.243E-01    0.304E-02    0.304E-02    0.000E+00    0.000E+00
     4.025     0.210    0.689E+00    0.365E+00    0.503E+00    0.412E-01    0.620E-01    0.223E-01    0.223E-01    0.272E-02    0.272E-02    0.000E+00    0.000E+00
     4.025     0.220    0.684E+00    0.356E+00    0.462E+00    0.383E-01    0.563E-01    0.204E-01    0.204E-01    0.244E-02    0.244E-02    0.000E+00    0.000E+00
     4.025     0.230    0.679E+00    0.347E+00    0.426E+00    0.356E-01    0.509E-01    0.186E-01    0.186E-01    0.219E-02    0.219E-02    0.000E+00    0.000E+00
     4.025     0.240    0.672E+00    0.337E+00    0.393E+00    0.330E-01    0.459E-01    0.170E-01    0.170E-01    0.197E-02    0.197E-02    0.000E+00    0.000E+00
     4.025     0.250    0.664E+00    0.328E+00    0.364E+00    0.306E-01    0.413E-01    0.154E-01    0.154E-01    0.178E-02    0.178E-02    0.000E+00    0.000E+00
     4.025     0.260    0.655E+00    0.318E+00    0.337E+00    0.283E-01    0.371E-01    0.140E-01    0.140E-01    0.161E-02    0.161E-02    0.000E+00    0.000E+00
     4.025     0.270    0.645E+00    0.308E+00    0.313E+00    0.261E-01    0.333E-01    0.127E-01    0.127E-01    0.145E-02    0.145E-02    0.000E+00    0.000E+00
     4.025     0.280    0.634E+00    0.298E+00    0.291E+00    0.240E-01    0.298E-01    0.115E-01    0.115E-01    0.131E-02    0.131E-02    0.000E+00    0.000E+00
     4.025     0.290    0.623E+00    0.288E+00    0.271E+00    0.220E-01    0.266E-01    0.104E-01    0.104E-01    0.118E-02    0.118E-02    0.000E+00    0.000E+00
     4.025     0.300    0.611E+00    0.278E+00    0.252E+00    0.201E-01    0.237E-01    0.941E-02    0.941E-02    0.106E-02    0.106E-02    0.000E+00    0.000E+00
     4.025     0.310    0.598E+00    0.268E+00    0.235E+00    0.183E-01    0.211E-01    0.847E-02    0.847E-02    0.960E-03    0.960E-03    0.000E+00    0.000E+00
     4.025     0.320    0.584E+00    0.258E+00    0.219E+00    0.166E-01    0.188E-01    0.761E-02    0.761E-02    0.864E-03    0.864E-03    0.000E+00    0.000E+00
     4.025     0.330    0.570E+00    0.247E+00    0.205E+00    0.151E-01    0.167E-01    0.682E-02    0.682E-02    0.777E-03    0.777E-03    0.000E+00    0.000E+00
     4.025     0.340    0.555E+00    0.237E+00    0.191E+00    0.136E-01    0.148E-01    0.610E-02    0.610E-02    0.697E-03    0.697E-03    0.000E+00    0.000E+00
     4.025     0.350    0.540E+00    0.226E+00    0.178E+00    0.122E-01    0.131E-01    0.545E-02    0.545E-02    0.625E-03    0.625E-03    0.000E+00    0.000E+00
     4.025     0.360    0.525E+00    0.216E+00    0.166E+00    0.110E-01    0.116E-01    0.485E-02    0.485E-02    0.559E-03    0.559E-03    0.000E+00    0.000E+00
     4.025     0.370    0.509E+00    0.205E+00    0.155E+00    0.978E-02    0.103E-01    0.431E-02    0.431E-02    0.498E-03    0.498E-03    0.000E+00    0.000E+00
     4.025     0.380    0.493E+00    0.195E+00    0.144E+00    0.871E-02    0.905E-02    0.382E-02    0.382E-02    0.444E-03    0.444E-03    0.000E+00    0.000E+00
     4.025     0.390    0.477E+00    0.185E+00    0.134E+00    0.772E-02    0.797E-02    0.338E-02    0.338E-02    0.394E-03    0.394E-03    0.000E+00    0.000E+00
     4.025     0.400    0.461E+00    0.175E+00    0.124E+00    0.683E-02    0.700E-02    0.298E-02    0.298E-02    0.349E-03    0.349E-03    0.000E+00    0.000E+00
     4.025     0.410    0.445E+00    0.165E+00    0.115E+00    0.602E-02    0.614E-02    0.262E-02    0.262E-02    0.308E-03    0.308E-03    0.000E+00    0.000E+00
     4.025     0.420    0.428E+00    0.155E+00    0.107E+00    0.529E-02    0.537E-02    0.229E-02    0.229E-02    0.271E-03    0.271E-03    0.000E+00    0.000E+00
     4.025     0.430    0.412E+00    0.145E+00    0.987E-01    0.463E-02    0.469E-02    0.201E-02    0.201E-02    0.238E-03    0.238E-03    0.000E+00    0.000E+00
     4.025     0.440    0.395E+00    0.136E+00    0.910E-01    0.404E-02    0.408E-02    0.175E-02    0.175E-02    0.208E-03    0.208E-03    0.000E+00    0.000E+00
     4.025     0.450    0.379E+00    0.127E+00    0.838E-01    0.352E-02    0.354E-02    0.152E-02    0.152E-02    0.181E-03    0.181E-03    0.000E+00    0.000E+00
     4.025     0.460    0.363E+00    0.118E+00    0.769E-01    0.305E-02    0.307E-02    0.132E-02    0.132E-02    0.157E-03    0.157E-03    0.000E+00    0.000E+00
     4.025     0.470    0.347E+00    0.110E+00    0.705E-01    0.264E-02    0.265E-02    0.114E-02    0.114E-02    0.136E-03    0.136E-03    0.000E+00    0.000E+00
     4.025     0.480    0.331E+00    0.102E+00    0.644E-01    0.227E-02    0.228E-02    0.980E-03    0.980E-03    0.117E-03    0.117E-03    0.000E+00    0.000E+00
     4.025     0.490    0.315E+00    0.937E-01    0.587E-01    0.195E-02    0.195E-02    0.841E-03    0.841E-03    0.100E-03    0.100E-03    0.000E+00    0.000E+00
     4.025     0.500    0.299E+00    0.863E-01    0.533E-01    0.167E-02    0.167E-02    0.719E-03    0.719E-03    0.856E-04    0.856E-04    0.000E+00    0.000E+00
     4.025     0.510    0.284E+00    0.792E-01    0.483E-01    0.142E-02    0.142E-02    0.612E-03    0.612E-03    0.727E-04    0.727E-04    0.000E+00    0.000E+00
     4.025     0.520    0.269E+00    0.725E-01    0.436E-01    0.121E-02    0.121E-02    0.519E-03    0.519E-03    0.614E-04    0.614E-04    0.000E+00    0.000E+00
     4.025     0.530    0.254E+00    0.662E-01    0.393E-01    0.102E-02    0.102E-02    0.439E-03    0.439E-03    0.515E-04    0.515E-04    0.000E+00    0.000E+00
     4.025     0.540    0.240E+00    0.602E-01    0.352E-01    0.858E-03    0.859E-03    0.369E-03    0.369E-03    0.430E-04    0.430E-04    0.000E+00    0.000E+00
     4.025     0.550    0.226E+00    0.546E-01    0.315E-01    0.719E-03    0.719E-03    0.309E-03    0.309E-03    0.356E-04    0.356E-04    0.000E+00    0.000E+00
     4.025     0.560    0.212E+00    0.494E-01    0.281E-01    0.600E-03    0.600E-03    0.258E-03    0.258E-03    0.293E-04    0.293E-04    0.000E+00    0.000E+00
     4.025     0.570    0.199E+00    0.445E-01    0.249E-01    0.499E-03    0.499E-03    0.214E-03    0.214E-03    0.240E-04    0.240E-04    0.000E+00    0.000E+00
     4.025     0.580    0.186E+00    0.400E-01    0.220E-01    0.412E-03    0.412E-03    0.176E-03    0.176E-03    0.195E-04    0.195E-04    0.000E+00    0.000E+00
     4.025     0.590    0.174E+00    0.358E-01    0.194E-01    0.339E-03    0.339E-03    0.145E-03    0.145E-03    0.156E-04    0.156E-04    0.000E+00    0.000E+00
     4.025     0.600    0.162E+00    0.319E-01    0.170E-01    0.277E-03    0.277E-03    0.118E-03    0.118E-03    0.125E-04    0.125E-04    0.000E+00    0.000E+00
     4.025     0.610    0.150E+00    0.284E-01    0.149E-01    0.225E-03    0.225E-03    0.961E-04    0.961E-04    0.982E-05    0.982E-05    0.000E+00    0.000E+00
     4.025     0.620    0.139E+00    0.252E-01    0.129E-01    0.182E-03    0.182E-03    0.775E-04    0.775E-04    0.764E-05    0.764E-05    0.000E+00    0.000E+00
     4.025     0.630    0.129E+00    0.222E-01    0.112E-01    0.146E-03    0.146E-03    0.621E-04    0.621E-04    0.588E-05    0.588E-05    0.000E+00    0.000E+00
     4.025     0.640    0.118E+00    0.196E-01    0.961E-02    0.117E-03    0.117E-03    0.494E-04    0.494E-04    0.445E-05    0.445E-05    0.000E+00    0.000E+00
     4.025     0.650    0.109E+00    0.171E-01    0.822E-02    0.927E-04    0.927E-04    0.391E-04    0.391E-04    0.331E-05    0.331E-05    0.000E+00    0.000E+00
     4.025     0.660    0.995E-01    0.150E-01    0.700E-02    0.729E-04    0.729E-04    0.306E-04    0.306E-04    0.241E-05    0.241E-05    0.000E+00    0.000E+00
     4.025     0.670    0.908E-01    0.130E-01    0.592E-02    0.569E-04    0.569E-04    0.238E-04    0.238E-04    0.171E-05    0.171E-05    0.000E+00    0.000E+00
     4.025     0.680    0.825E-01    0.113E-01    0.498E-02    0.441E-04    0.441E-04    0.183E-04    0.183E-04    0.118E-05    0.118E-05    0.000E+00    0.000E+00
     4.025     0.690    0.747E-01    0.975E-02    0.416E-02    0.338E-04    0.338E-04    0.140E-04    0.140E-04    0.770E-06    0.770E-06    0.000E+00    0.000E+00
     4.025     0.700    0.673E-01    0.838E-02    0.345E-02    0.257E-04    0.257E-04    0.106E-04    0.106E-04    0.473E-06    0.473E-06    0.000E+00    0.000E+00
     4.025     0.710    0.605E-01    0.718E-02    0.284E-02    0.193E-04    0.193E-04    0.788E-05    0.788E-05    0.254E-06    0.254E-06    0.000E+00    0.000E+00
     4.025     0.720    0.540E-01    0.612E-02    0.232E-02    0.144E-04    0.144E-04    0.582E-05    0.582E-05    0.110E-06    0.110E-06    0.000E+00    0.000E+00
     4.025     0.730    0.480E-01    0.520E-02    0.188E-02    0.106E-04    0.106E-04    0.423E-05    0.423E-05    0.336E-07    0.336E-07    0.000E+00    0.000E+00
     4.025     0.740    0.425E-01    0.440E-02    0.151E-02    0.767E-05    0.767E-05    0.304E-05    0.304E-05    0.329E-08    0.329E-08    0.000E+00    0.000E+00
     4.025     0.750    0.374E-01    0.370E-02    0.120E-02    0.548E-05    0.548E-05    0.214E-05    0.214E-05    0.000E+00    0.000E+00    0.000E+00    0.000E+00
     4.025     0.760    0.327E-01    0.310E-02    0.947E-03    0.386E-05    0.386E-05    0.149E-05    0.149E-05    0.000E+00    0.000E+00    0.000E+00    0.000E+00
     4.025     0.770    0.284E-01    0.259E-02    0.739E-03    0.268E-05    0.268E-05    0.101E-05    0.101E-05    0.000E+00    0.000E+00    0.000E+00    0.000E+00
     4.025     0.780    0.245E-01    0.215E-02    0.569E-03    0.182E-05    0.182E-05    0.670E-06    0.670E-06    0.000E+00    0.000E+00    0.000E+00    0.000E+00
     4.025     0.790    0.210E-01    0.177E-02    0.434E-03    0.122E-05    0.122E-05    0.439E-06    0.439E-06    0.000E+00    0.000E+00    0.000E+00    0.000E+00
     4.025     0.800    0.178E-01    0.145E-02    0.325E-03    0.787E-06    0.787E-06    0.273E-06    0.273E-06    0.000E+00    0.000E+00    0.000E+00    0.000E+00
     4.025     0.810    0.149E-01    0.119E-02    0.241E-03    0.503E-06    0.503E-06    0.167E-06    0.167E-06    0.000E+00    0.000E+00    0.000E+00    0.000E+00
     4.025     0.820    0.124E-01    0.960E-03    0.175E-03    0.308E-06    0.308E-06    0.962E-07    0.962E-07    0.000E+00    0.000E+00    0.000E+00    0.000E+00
     4.025     0.830    0.102E-01    0.771E-03    0.126E-03    0.183E-06    0.183E-06    0.526E-07    0.526E-07    0.000E+00    0.000E+00    0.000E+00    0.000E+00
     4.025     0.840    0.830E-02    0.614E-03    0.882E-04    0.105E-06    0.105E-06    0.271E-07    0.271E-07    0.000E+00    0.000E+00    0.000E+00    0.000E+00
     4.025     0.850    0.664E-02    0.483E-03    0.605E-04    0.557E-07    0.557E-07    0.116E-07    0.116E-07    0.000E+00    0.000E+00    0.000E+00    0.000E+00
     4.025     0.860    0.522E-02    0.375E-03    0.408E-04    0.299E-07    0.299E-07    0.470E-08    0.470E-08    0.000E+00    0.000E+00    0.000E+00    0.000E+00
     4.025     0.870    0.403E-02    0.287E-03    0.265E-04    0.129E-07    0.129E-07    0.760E-09    0.760E-09    0.000E+00    0.000E+00    0.000E+00    0.000E+00
     4.025     0.880    0.305E-02    0.216E-03    0.169E-04    0.564E-08    0.564E-08    0.000E+00    0.000E+00    0.000E+00    0.000E+00    0.000E+00    0.000E+00
     4.025     0.890    0.224E-02    0.159E-03    0.103E-04    0.167E-08    0.167E-08    0.000E+00    0.000E+00    0.000E+00    0.000E+00    0.000E+00    0.000E+00
     4.025     0.900    0.160E-02    0.113E-03    0.603E-05    0.118E-09    0.118E-09    0.000E+00    0.000E+00    0.000E+00    0.000E+00    0.000E+00    0.000E+00
     4.025     0.910    0.110E-02    0.785E-04    0.340E-05    0.000E+00    0.000E+00    0.000E+00    0.000E+00    0.000E+00    0.000E+00    0.000E+00    0.000E+00
     4.025     0.920    0.721E-03    0.519E-04    0.174E-05    0.000E+00    0.000E+00    0.000E+00    0.000E+00    0.000E+00    0.000E+00    0.000E+00    0.000E+00
     4.025     0.930    0.447E-03    0.326E-04    0.904E-06    0.000E+00    0.000E+00    0.000E+00    0.000E+00    0.000E+00    0.000E+00    0.000E+00    0.000E+00
     4.025     0.940    0.255E-03    0.189E-04    0.363E-06    0.000E+00    0.000E+00    0.000E+00    0.000E+00    0.000E+00    0.000E+00    0.000E+00    0.000E+00
     4.025     0.950    0.131E-03    0.984E-05    0.148E-06    0.000E+00    0.000E+00    0.000E+00    0.000E+00    0.000E+00    0.000E+00    0.000E+00    0.000E+00
     4.025     0.960    0.526E-04    0.405E-05    0.388E-07    0.370E-13    0.370E-13    0.000E+00    0.000E+00    0.000E+00    0.000E+00    0.000E+00    0.000E+00
     4.025     0.970    0.103E-04    0.821E-06    0.000E+00    0.889E-13    0.889E-13    0.000E+00    0.000E+00    0.000E+00    0.000E+00    0.000E+00    0.000E+00
     4.025     0.980    0.000E+00    0.000E+00    0.101E-07    0.118E-12    0.118E-12    0.000E+00    0.000E+00    0.000E+00    0.000E+00    0.000E+00    0.000E+00
     4.025     0.990    0.000E+00    0.000E+00    0.271E-07    0.976E-13    0.976E-13    0.000E+00    0.000E+00    0.000E+00    0.000E+00    0.000E+00    0.000E+00

