     Q**2          x         u           d           g          ub          db          sb          s          cb          c          bb          b
     8.294     0.010    0.466E+00    0.412E+00    0.461E+01    0.293E+00    0.313E+00    0.189E+00    0.189E+00    0.113E+00    0.113E+00    0.000E+00    0.000E+00
     8.294     0.020    0.494E+00    0.422E+00    0.385E+01    0.240E+00    0.261E+00    0.149E+00    0.149E+00    0.814E-01    0.814E-01    0.000E+00    0.000E+00
     8.294     0.030    0.525E+00    0.433E+00    0.332E+01    0.209E+00    0.229E+00    0.125E+00    0.125E+00    0.625E-01    0.625E-01    0.000E+00    0.000E+00
     8.294     0.040    0.554E+00    0.442E+00    0.291E+01    0.188E+00    0.207E+00    0.109E+00    0.109E+00    0.502E-01    0.502E-01    0.000E+00    0.000E+00
     8.294     0.050    0.578E+00    0.446E+00    0.256E+01    0.169E+00    0.190E+00    0.964E-01    0.964E-01    0.408E-01    0.408E-01    0.000E+00    0.000E+00
     8.294     0.060    0.598E+00    0.447E+00    0.226E+01    0.153E+00    0.176E+00    0.861E-01    0.861E-01    0.337E-01    0.337E-01    0.000E+00    0.000E+00
     8.294     0.070    0.615E+00    0.447E+00    0.200E+01    0.138E+00    0.165E+00    0.775E-01    0.775E-01    0.280E-01    0.280E-01    0.000E+00    0.000E+00
     8.294     0.080    0.628E+00    0.444E+00    0.177E+01    0.125E+00    0.155E+00    0.700E-01    0.700E-01    0.235E-01    0.235E-01    0.000E+00    0.000E+00
     8.294     0.090    0.640E+00    0.440E+00    0.157E+01    0.112E+00    0.146E+00    0.636E-01    0.636E-01    0.199E-01    0.199E-01    0.000E+00    0.000E+00
     8.294     0.100    0.649E+00    0.435E+00    0.140E+01    0.102E+00    0.137E+00    0.578E-01    0.578E-01    0.169E-01    0.169E-01    0.000E+00    0.000E+00
     8.294     0.110    0.657E+00    0.429E+00    0.124E+01    0.920E-01    0.128E+00    0.527E-01    0.527E-01    0.145E-01    0.145E-01    0.000E+00    0.000E+00
     8.294     0.120    0.663E+00    0.421E+00    0.111E+01    0.834E-01    0.120E+00    0.481E-01    0.481E-01    0.125E-01    0.125E-01    0.000E+00    0.000E+00
     8.294     0.130    0.668E+00    0.414E+00    0.995E+00    0.759E-01    0.112E+00    0.440E-01    0.440E-01    0.108E-01    0.108E-01    0.000E+00    0.000E+00
     8.294     0.140    0.672E+00    0.406E+00    0.893E+00    0.693E-01    0.104E+00    0.402E-01    0.402E-01    0.941E-02    0.941E-02    0.000E+00    0.000E+00
     8.294     0.150    0.673E+00    0.397E+00    0.804E+00    0.634E-01    0.958E-01    0.368E-01    0.368E-01    0.823E-02    0.823E-02    0.000E+00    0.000E+00
     8.294     0.160    0.674E+00    0.388E+00    0.725E+00    0.582E-01    0.883E-01    0.336E-01    0.336E-01    0.723E-02    0.723E-02    0.000E+00    0.000E+00
     8.294     0.170    0.673E+00    0.379E+00    0.656E+00    0.535E-01    0.811E-01    0.307E-01    0.307E-01    0.637E-02    0.637E-02    0.000E+00    0.000E+00
     8.294     0.180    0.671E+00    0.370E+00    0.594E+00    0.493E-01    0.742E-01    0.281E-01    0.281E-01    0.564E-02    0.564E-02    0.000E+00    0.000E+00
     8.294     0.190    0.668E+00    0.361E+00    0.540E+00    0.455E-01    0.676E-01    0.256E-01    0.256E-01    0.501E-02    0.501E-02    0.000E+00    0.000E+00
     8.294     0.200    0.663E+00    0.351E+00    0.492E+00    0.421E-01    0.615E-01    0.234E-01    0.234E-01    0.446E-02    0.446E-02    0.000E+00    0.000E+00
     8.294     0.210    0.658E+00    0.342E+00    0.450E+00    0.389E-01    0.557E-01    0.213E-01    0.213E-01    0.398E-02    0.398E-02    0.000E+00    0.000E+00
     8.294     0.220    0.651E+00    0.332E+00    0.412E+00    0.359E-01    0.504E-01    0.194E-01    0.194E-01    0.356E-02    0.356E-02    0.000E+00    0.000E+00
     8.294     0.230    0.643E+00    0.322E+00    0.378E+00    0.332E-01    0.454E-01    0.176E-01    0.176E-01    0.319E-02    0.319E-02    0.000E+00    0.000E+00
     8.294     0.240    0.634E+00    0.313E+00    0.347E+00    0.306E-01    0.408E-01    0.160E-01    0.160E-01    0.286E-02    0.286E-02    0.000E+00    0.000E+00
     8.294     0.250    0.624E+00    0.303E+00    0.320E+00    0.281E-01    0.367E-01    0.145E-01    0.145E-01    0.257E-02    0.257E-02    0.000E+00    0.000E+00
     8.294     0.260    0.614E+00    0.293E+00    0.295E+00    0.259E-01    0.328E-01    0.131E-01    0.131E-01    0.231E-02    0.231E-02    0.000E+00    0.000E+00
     8.294     0.270    0.602E+00    0.283E+00    0.273E+00    0.237E-01    0.294E-01    0.119E-01    0.119E-01    0.208E-02    0.208E-02    0.000E+00    0.000E+00
     8.294     0.280    0.590E+00    0.273E+00    0.252E+00    0.217E-01    0.262E-01    0.107E-01    0.107E-01    0.187E-02    0.187E-02    0.000E+00    0.000E+00
     8.294     0.290    0.577E+00    0.263E+00    0.233E+00    0.198E-01    0.233E-01    0.964E-02    0.964E-02    0.168E-02    0.168E-02    0.000E+00    0.000E+00
     8.294     0.300    0.564E+00    0.253E+00    0.216E+00    0.180E-01    0.208E-01    0.866E-02    0.866E-02    0.151E-02    0.151E-02    0.000E+00    0.000E+00
     8.294     0.310    0.550E+00    0.242E+00    0.200E+00    0.163E-01    0.185E-01    0.777E-02    0.777E-02    0.136E-02    0.136E-02    0.000E+00    0.000E+00
     8.294     0.320    0.536E+00    0.232E+00    0.186E+00    0.147E-01    0.164E-01    0.696E-02    0.696E-02    0.122E-02    0.122E-02    0.000E+00    0.000E+00
     8.294     0.330    0.521E+00    0.222E+00    0.172E+00    0.133E-01    0.145E-01    0.622E-02    0.622E-02    0.109E-02    0.109E-02    0.000E+00    0.000E+00
     8.294     0.340    0.506E+00    0.212E+00    0.160E+00    0.119E-01    0.129E-01    0.554E-02    0.554E-02    0.973E-03    0.973E-03    0.000E+00    0.000E+00
     8.294     0.350    0.491E+00    0.202E+00    0.148E+00    0.107E-01    0.114E-01    0.493E-02    0.493E-02    0.869E-03    0.869E-03    0.000E+00    0.000E+00
     8.294     0.360    0.475E+00    0.192E+00    0.137E+00    0.953E-02    0.100E-01    0.438E-02    0.438E-02    0.774E-03    0.774E-03    0.000E+00    0.000E+00
     8.294     0.370    0.460E+00    0.182E+00    0.127E+00    0.848E-02    0.884E-02    0.388E-02    0.388E-02    0.688E-03    0.688E-03    0.000E+00    0.000E+00
     8.294     0.380    0.444E+00    0.172E+00    0.117E+00    0.752E-02    0.777E-02    0.342E-02    0.342E-02    0.610E-03    0.610E-03    0.000E+00    0.000E+00
     8.294     0.390    0.428E+00    0.162E+00    0.108E+00    0.665E-02    0.682E-02    0.302E-02    0.302E-02    0.540E-03    0.540E-03    0.000E+00    0.000E+00
     8.294     0.400    0.412E+00    0.153E+00    0.994E-01    0.586E-02    0.598E-02    0.265E-02    0.265E-02    0.477E-03    0.477E-03    0.000E+00    0.000E+00
     8.294     0.410    0.396E+00    0.144E+00    0.915E-01    0.514E-02    0.523E-02    0.233E-02    0.233E-02    0.420E-03    0.420E-03    0.000E+00    0.000E+00
     8.294     0.420    0.380E+00    0.135E+00    0.840E-01    0.450E-02    0.456E-02    0.203E-02    0.203E-02    0.368E-03    0.368E-03    0.000E+00    0.000E+00
     8.294     0.430    0.364E+00    0.126E+00    0.770E-01    0.393E-02    0.397E-02    0.177E-02    0.177E-02    0.322E-03    0.322E-03    0.000E+00    0.000E+00
     8.294     0.440    0.349E+00    0.117E+00    0.705E-01    0.342E-02    0.344E-02    0.154E-02    0.154E-02    0.281E-03    0.281E-03    0.000E+00    0.000E+00
     8.294     0.450    0.333E+00    0.109E+00    0.644E-01    0.296E-02    0.298E-02    0.134E-02    0.134E-02    0.244E-03    0.244E-03    0.000E+00    0.000E+00
     8.294     0.460    0.318E+00    0.101E+00    0.586E-01    0.256E-02    0.257E-02    0.115E-02    0.115E-02    0.211E-03    0.211E-03    0.000E+00    0.000E+00
     8.294     0.470    0.303E+00    0.936E-01    0.533E-01    0.221E-02    0.221E-02    0.994E-03    0.994E-03    0.182E-03    0.182E-03    0.000E+00    0.000E+00
     8.294     0.480    0.288E+00    0.864E-01    0.483E-01    0.189E-02    0.190E-02    0.853E-03    0.853E-03    0.157E-03    0.157E-03    0.000E+00    0.000E+00
     8.294     0.490    0.273E+00    0.795E-01    0.437E-01    0.162E-02    0.162E-02    0.729E-03    0.729E-03    0.134E-03    0.134E-03    0.000E+00    0.000E+00
     8.294     0.500    0.259E+00    0.729E-01    0.394E-01    0.138E-02    0.138E-02    0.621E-03    0.621E-03    0.114E-03    0.114E-03    0.000E+00    0.000E+00
     8.294     0.510    0.245E+00    0.667E-01    0.354E-01    0.117E-02    0.117E-02    0.527E-03    0.527E-03    0.966E-04    0.966E-04    0.000E+00    0.000E+00
     8.294     0.520    0.231E+00    0.609E-01    0.318E-01    0.992E-03    0.993E-03    0.446E-03    0.446E-03    0.815E-04    0.815E-04    0.000E+00    0.000E+00
     8.294     0.530    0.218E+00    0.554E-01    0.284E-01    0.836E-03    0.836E-03    0.375E-03    0.375E-03    0.683E-04    0.683E-04    0.000E+00    0.000E+00
     8.294     0.540    0.205E+00    0.502E-01    0.253E-01    0.701E-03    0.701E-03    0.315E-03    0.315E-03    0.570E-04    0.570E-04    0.000E+00    0.000E+00
     8.294     0.550    0.192E+00    0.454E-01    0.225E-01    0.585E-03    0.586E-03    0.263E-03    0.263E-03    0.472E-04    0.472E-04    0.000E+00    0.000E+00
     8.294     0.560    0.180E+00    0.409E-01    0.199E-01    0.487E-03    0.487E-03    0.218E-03    0.218E-03    0.389E-04    0.389E-04    0.000E+00    0.000E+00
     8.294     0.570    0.168E+00    0.368E-01    0.175E-01    0.403E-03    0.403E-03    0.180E-03    0.180E-03    0.319E-04    0.319E-04    0.000E+00    0.000E+00
     8.294     0.580    0.157E+00    0.330E-01    0.154E-01    0.332E-03    0.332E-03    0.148E-03    0.148E-03    0.259E-04    0.259E-04    0.000E+00    0.000E+00
     8.294     0.590    0.146E+00    0.294E-01    0.134E-01    0.272E-03    0.272E-03    0.121E-03    0.121E-03    0.209E-04    0.209E-04    0.000E+00    0.000E+00
     8.294     0.600    0.135E+00    0.262E-01    0.117E-01    0.221E-03    0.221E-03    0.985E-04    0.985E-04    0.167E-04    0.167E-04    0.000E+00    0.000E+00
     8.294     0.610    0.125E+00    0.232E-01    0.102E-01    0.179E-03    0.179E-03    0.797E-04    0.797E-04    0.132E-04    0.132E-04    0.000E+00    0.000E+00
     8.294     0.620    0.115E+00    0.205E-01    0.877E-02    0.144E-03    0.144E-03    0.639E-04    0.639E-04    0.104E-04    0.104E-04    0.000E+00    0.000E+00
     8.294     0.630    0.106E+00    0.181E-01    0.754E-02    0.116E-03    0.116E-03    0.511E-04    0.511E-04    0.806E-05    0.806E-05    0.000E+00    0.000E+00
     8.294     0.640    0.973E-01    0.159E-01    0.644E-02    0.917E-04    0.917E-04    0.404E-04    0.404E-04    0.617E-05    0.617E-05    0.000E+00    0.000E+00
     8.294     0.650    0.890E-01    0.139E-01    0.548E-02    0.724E-04    0.724E-04    0.318E-04    0.318E-04    0.466E-05    0.466E-05    0.000E+00    0.000E+00
     8.294     0.660    0.811E-01    0.121E-01    0.464E-02    0.567E-04    0.567E-04    0.248E-04    0.248E-04    0.347E-05    0.347E-05    0.000E+00    0.000E+00
     8.294     0.670    0.737E-01    0.105E-01    0.390E-02    0.441E-04    0.441E-04    0.191E-04    0.191E-04    0.253E-05    0.253E-05    0.000E+00    0.000E+00
     8.294     0.680    0.666E-01    0.907E-02    0.326E-02    0.339E-04    0.339E-04    0.147E-04    0.147E-04    0.181E-05    0.181E-05    0.000E+00    0.000E+00
     8.294     0.690    0.601E-01    0.781E-02    0.271E-02    0.259E-04    0.259E-04    0.111E-04    0.111E-04    0.125E-05    0.125E-05    0.000E+00    0.000E+00
     8.294     0.700    0.539E-01    0.670E-02    0.224E-02    0.196E-04    0.196E-04    0.834E-05    0.834E-05    0.841E-06    0.841E-06    0.000E+00    0.000E+00
     8.294     0.710    0.482E-01    0.573E-02    0.184E-02    0.146E-04    0.146E-04    0.617E-05    0.617E-05    0.534E-06    0.534E-06    0.000E+00    0.000E+00
     8.294     0.720    0.429E-01    0.487E-02    0.149E-02    0.108E-04    0.108E-04    0.452E-05    0.452E-05    0.319E-06    0.319E-06    0.000E+00    0.000E+00
     8.294     0.730    0.379E-01    0.413E-02    0.121E-02    0.789E-05    0.789E-05    0.325E-05    0.325E-05    0.162E-06    0.162E-06    0.000E+00    0.000E+00
     8.294     0.740    0.334E-01    0.349E-02    0.967E-03    0.569E-05    0.569E-05    0.231E-05    0.231E-05    0.624E-07    0.624E-07    0.000E+00    0.000E+00
     8.294     0.750    0.292E-01    0.293E-02    0.767E-03    0.404E-05    0.404E-05    0.161E-05    0.161E-05    0.125E-07    0.125E-07    0.000E+00    0.000E+00
     8.294     0.760    0.254E-01    0.245E-02    0.603E-03    0.282E-05    0.282E-05    0.110E-05    0.110E-05    0.000E+00    0.000E+00    0.000E+00    0.000E+00
     8.294     0.770    0.220E-01    0.204E-02    0.470E-03    0.194E-05    0.194E-05    0.741E-06    0.741E-06    0.000E+00    0.000E+00    0.000E+00    0.000E+00
     8.294     0.780    0.188E-01    0.169E-02    0.362E-03    0.130E-05    0.130E-05    0.481E-06    0.481E-06    0.000E+00    0.000E+00    0.000E+00    0.000E+00
     8.294     0.790    0.160E-01    0.139E-02    0.276E-03    0.863E-06    0.863E-06    0.308E-06    0.308E-06    0.000E+00    0.000E+00    0.000E+00    0.000E+00
     8.294     0.800    0.135E-01    0.114E-02    0.207E-03    0.548E-06    0.548E-06    0.186E-06    0.186E-06    0.000E+00    0.000E+00    0.000E+00    0.000E+00
     8.294     0.810    0.113E-01    0.925E-03    0.154E-03    0.344E-06    0.344E-06    0.109E-06    0.109E-06    0.000E+00    0.000E+00    0.000E+00    0.000E+00
     8.294     0.820    0.933E-02    0.746E-03    0.112E-03    0.207E-06    0.207E-06    0.596E-07    0.596E-07    0.000E+00    0.000E+00    0.000E+00    0.000E+00
     8.294     0.830    0.762E-02    0.597E-03    0.809E-04    0.119E-06    0.119E-06    0.298E-07    0.298E-07    0.000E+00    0.000E+00    0.000E+00    0.000E+00
     8.294     0.840    0.614E-02    0.473E-03    0.573E-04    0.667E-07    0.667E-07    0.132E-07    0.132E-07    0.000E+00    0.000E+00    0.000E+00    0.000E+00
     8.294     0.850    0.488E-02    0.371E-03    0.396E-04    0.334E-07    0.334E-07    0.355E-08    0.355E-08    0.000E+00    0.000E+00    0.000E+00    0.000E+00
     8.294     0.860    0.381E-02    0.287E-03    0.270E-04    0.170E-07    0.170E-07    0.121E-09    0.121E-09    0.000E+00    0.000E+00    0.000E+00    0.000E+00
     8.294     0.870    0.291E-02    0.218E-03    0.177E-04    0.625E-08    0.625E-08    0.000E+00    0.000E+00    0.000E+00    0.000E+00    0.000E+00    0.000E+00
     8.294     0.880    0.218E-02    0.163E-03    0.115E-04    0.213E-08    0.213E-08    0.000E+00    0.000E+00    0.000E+00    0.000E+00    0.000E+00    0.000E+00
     8.294     0.890    0.159E-02    0.118E-03    0.710E-05    0.187E-09    0.187E-09    0.000E+00    0.000E+00    0.000E+00    0.000E+00    0.000E+00    0.000E+00
     8.294     0.900    0.112E-02    0.839E-04    0.424E-05    0.000E+00    0.000E+00    0.000E+00    0.000E+00    0.000E+00    0.000E+00    0.000E+00    0.000E+00
     8.294     0.910    0.761E-03    0.574E-04    0.244E-05    0.000E+00    0.000E+00    0.000E+00    0.000E+00    0.000E+00    0.000E+00    0.000E+00    0.000E+00
     8.294     0.920    0.492E-03    0.375E-04    0.129E-05    0.000E+00    0.000E+00    0.000E+00    0.000E+00    0.000E+00    0.000E+00    0.000E+00    0.000E+00
     8.294     0.930    0.301E-03    0.232E-04    0.675E-06    0.000E+00    0.000E+00    0.000E+00    0.000E+00    0.000E+00    0.000E+00    0.000E+00    0.000E+00
     8.294     0.940    0.168E-03    0.132E-04    0.284E-06    0.000E+00    0.000E+00    0.000E+00    0.000E+00    0.000E+00    0.000E+00    0.000E+00    0.000E+00
     8.294     0.950    0.847E-04    0.674E-05    0.119E-06    0.000E+00    0.000E+00    0.000E+00    0.000E+00    0.000E+00    0.000E+00    0.000E+00    0.000E+00
     8.294     0.960    0.331E-04    0.270E-05    0.335E-07    0.000E+00    0.000E+00    0.000E+00    0.000E+00    0.000E+00    0.000E+00    0.000E+00    0.000E+00
     8.294     0.970    0.614E-05    0.523E-06    0.190E-09    0.000E+00    0.000E+00    0.000E+00    0.000E+00    0.000E+00    0.000E+00    0.000E+00    0.000E+00
     8.294     0.980    0.000E+00    0.000E+00    0.616E-08    0.000E+00    0.000E+00    0.000E+00    0.000E+00    0.000E+00    0.000E+00    0.000E+00    0.000E+00
     8.294     0.990    0.000E+00    0.000E+00    0.178E-07    0.000E+00    0.000E+00    0.000E+00    0.000E+00    0.000E+00    0.000E+00    0.000E+00    0.000E+00

