     Q**2          x         u           d           g          ub          db          sb          s          cb          c          bb          b
     8.294     0.010    0.466E+00    0.412E+00    0.460E+01    0.293E+00    0.313E+00    0.189E+00    0.189E+00    0.112E+00    0.112E+00    0.000E+00    0.000E+00
     8.294     0.020    0.494E+00    0.422E+00    0.384E+01    0.240E+00    0.261E+00    0.149E+00    0.149E+00    0.811E-01    0.811E-01    0.000E+00    0.000E+00
     8.294     0.030    0.525E+00    0.434E+00    0.331E+01    0.209E+00    0.229E+00    0.125E+00    0.125E+00    0.623E-01    0.623E-01    0.000E+00    0.000E+00
     8.294     0.040    0.553E+00    0.442E+00    0.290E+01    0.187E+00    0.208E+00    0.109E+00    0.109E+00    0.500E-01    0.500E-01    0.000E+00    0.000E+00
     8.294     0.050    0.577E+00    0.447E+00    0.255E+01    0.169E+00    0.191E+00    0.963E-01    0.963E-01    0.406E-01    0.406E-01    0.000E+00    0.000E+00
     8.294     0.060    0.597E+00    0.449E+00    0.225E+01    0.152E+00    0.178E+00    0.861E-01    0.861E-01    0.336E-01    0.336E-01    0.000E+00    0.000E+00
     8.294     0.070    0.614E+00    0.448E+00    0.199E+01    0.137E+00    0.166E+00    0.775E-01    0.775E-01    0.280E-01    0.280E-01    0.000E+00    0.000E+00
     8.294     0.080    0.627E+00    0.446E+00    0.176E+01    0.123E+00    0.156E+00    0.701E-01    0.701E-01    0.235E-01    0.235E-01    0.000E+00    0.000E+00
     8.294     0.090    0.639E+00    0.442E+00    0.156E+01    0.111E+00    0.147E+00    0.636E-01    0.636E-01    0.199E-01    0.199E-01    0.000E+00    0.000E+00
     8.294     0.100    0.649E+00    0.437E+00    0.139E+01    0.100E+00    0.138E+00    0.579E-01    0.579E-01    0.170E-01    0.170E-01    0.000E+00    0.000E+00
     8.294     0.110    0.656E+00    0.431E+00    0.124E+01    0.907E-01    0.130E+00    0.528E-01    0.528E-01    0.145E-01    0.145E-01    0.000E+00    0.000E+00
     8.294     0.120    0.663E+00    0.424E+00    0.111E+01    0.822E-01    0.121E+00    0.482E-01    0.482E-01    0.125E-01    0.125E-01    0.000E+00    0.000E+00
     8.294     0.130    0.668E+00    0.416E+00    0.995E+00    0.747E-01    0.113E+00    0.441E-01    0.441E-01    0.109E-01    0.109E-01    0.000E+00    0.000E+00
     8.294     0.140    0.671E+00    0.408E+00    0.894E+00    0.682E-01    0.105E+00    0.403E-01    0.403E-01    0.945E-02    0.945E-02    0.000E+00    0.000E+00
     8.294     0.150    0.673E+00    0.399E+00    0.805E+00    0.625E-01    0.970E-01    0.369E-01    0.369E-01    0.828E-02    0.828E-02    0.000E+00    0.000E+00
     8.294     0.160    0.674E+00    0.390E+00    0.727E+00    0.574E-01    0.894E-01    0.337E-01    0.337E-01    0.727E-02    0.727E-02    0.000E+00    0.000E+00
     8.294     0.170    0.673E+00    0.381E+00    0.658E+00    0.528E-01    0.820E-01    0.308E-01    0.308E-01    0.642E-02    0.642E-02    0.000E+00    0.000E+00
     8.294     0.180    0.671E+00    0.372E+00    0.597E+00    0.487E-01    0.750E-01    0.281E-01    0.281E-01    0.568E-02    0.568E-02    0.000E+00    0.000E+00
     8.294     0.190    0.668E+00    0.362E+00    0.543E+00    0.450E-01    0.684E-01    0.257E-01    0.257E-01    0.504E-02    0.504E-02    0.000E+00    0.000E+00
     8.294     0.200    0.663E+00    0.353E+00    0.495E+00    0.416E-01    0.621E-01    0.234E-01    0.234E-01    0.449E-02    0.449E-02    0.000E+00    0.000E+00
     8.294     0.210    0.658E+00    0.343E+00    0.452E+00    0.385E-01    0.563E-01    0.214E-01    0.214E-01    0.401E-02    0.401E-02    0.000E+00    0.000E+00
     8.294     0.220    0.651E+00    0.333E+00    0.414E+00    0.356E-01    0.508E-01    0.194E-01    0.194E-01    0.359E-02    0.359E-02    0.000E+00    0.000E+00
     8.294     0.230    0.643E+00    0.324E+00    0.380E+00    0.329E-01    0.458E-01    0.177E-01    0.177E-01    0.321E-02    0.321E-02    0.000E+00    0.000E+00
     8.294     0.240    0.635E+00    0.314E+00    0.350E+00    0.303E-01    0.412E-01    0.160E-01    0.160E-01    0.288E-02    0.288E-02    0.000E+00    0.000E+00
     8.294     0.250    0.625E+00    0.304E+00    0.322E+00    0.280E-01    0.369E-01    0.145E-01    0.145E-01    0.259E-02    0.259E-02    0.000E+00    0.000E+00
     8.294     0.260    0.614E+00    0.294E+00    0.297E+00    0.257E-01    0.330E-01    0.131E-01    0.131E-01    0.233E-02    0.233E-02    0.000E+00    0.000E+00
     8.294     0.270    0.603E+00    0.284E+00    0.275E+00    0.236E-01    0.295E-01    0.119E-01    0.119E-01    0.209E-02    0.209E-02    0.000E+00    0.000E+00
     8.294     0.280    0.591E+00    0.274E+00    0.254E+00    0.216E-01    0.263E-01    0.107E-01    0.107E-01    0.188E-02    0.188E-02    0.000E+00    0.000E+00
     8.294     0.290    0.578E+00    0.264E+00    0.235E+00    0.197E-01    0.235E-01    0.965E-02    0.965E-02    0.169E-02    0.169E-02    0.000E+00    0.000E+00
     8.294     0.300    0.565E+00    0.253E+00    0.218E+00    0.179E-01    0.209E-01    0.867E-02    0.867E-02    0.152E-02    0.152E-02    0.000E+00    0.000E+00
     8.294     0.310    0.551E+00    0.243E+00    0.202E+00    0.163E-01    0.185E-01    0.778E-02    0.778E-02    0.136E-02    0.136E-02    0.000E+00    0.000E+00
     8.294     0.320    0.536E+00    0.233E+00    0.187E+00    0.147E-01    0.164E-01    0.696E-02    0.696E-02    0.122E-02    0.122E-02    0.000E+00    0.000E+00
     8.294     0.330    0.522E+00    0.223E+00    0.173E+00    0.133E-01    0.146E-01    0.622E-02    0.622E-02    0.109E-02    0.109E-02    0.000E+00    0.000E+00
     8.294     0.340    0.507E+00    0.212E+00    0.161E+00    0.119E-01    0.129E-01    0.555E-02    0.555E-02    0.977E-03    0.977E-03    0.000E+00    0.000E+00
     8.294     0.350    0.491E+00    0.202E+00    0.149E+00    0.107E-01    0.114E-01    0.493E-02    0.493E-02    0.871E-03    0.871E-03    0.000E+00    0.000E+00
     8.294     0.360    0.476E+00    0.192E+00    0.138E+00    0.952E-02    0.100E-01    0.438E-02    0.438E-02    0.776E-03    0.776E-03    0.000E+00    0.000E+00
     8.294     0.370    0.460E+00    0.182E+00    0.127E+00    0.847E-02    0.885E-02    0.388E-02    0.388E-02    0.690E-03    0.690E-03    0.000E+00    0.000E+00
     8.294     0.380    0.444E+00    0.172E+00    0.118E+00    0.751E-02    0.778E-02    0.342E-02    0.342E-02    0.611E-03    0.611E-03    0.000E+00    0.000E+00
     8.294     0.390    0.428E+00    0.163E+00    0.108E+00    0.664E-02    0.683E-02    0.302E-02    0.302E-02    0.541E-03    0.541E-03    0.000E+00    0.000E+00
     8.294     0.400    0.412E+00    0.153E+00    0.998E-01    0.585E-02    0.598E-02    0.265E-02    0.265E-02    0.477E-03    0.477E-03    0.000E+00    0.000E+00
     8.294     0.410    0.396E+00    0.144E+00    0.918E-01    0.514E-02    0.523E-02    0.233E-02    0.233E-02    0.420E-03    0.420E-03    0.000E+00    0.000E+00
     8.294     0.420    0.380E+00    0.135E+00    0.843E-01    0.450E-02    0.456E-02    0.203E-02    0.203E-02    0.368E-03    0.368E-03    0.000E+00    0.000E+00
     8.294     0.430    0.365E+00    0.126E+00    0.773E-01    0.393E-02    0.397E-02    0.177E-02    0.177E-02    0.322E-03    0.322E-03    0.000E+00    0.000E+00
     8.294     0.440    0.349E+00    0.118E+00    0.707E-01    0.342E-02    0.344E-02    0.154E-02    0.154E-02    0.280E-03    0.280E-03    0.000E+00    0.000E+00
     8.294     0.450    0.333E+00    0.109E+00    0.645E-01    0.296E-02    0.298E-02    0.133E-02    0.133E-02    0.243E-03    0.243E-03    0.000E+00    0.000E+00
     8.294     0.460    0.318E+00    0.102E+00    0.587E-01    0.256E-02    0.257E-02    0.115E-02    0.115E-02    0.211E-03    0.211E-03    0.000E+00    0.000E+00
     8.294     0.470    0.303E+00    0.940E-01    0.533E-01    0.220E-02    0.221E-02    0.992E-03    0.992E-03    0.182E-03    0.182E-03    0.000E+00    0.000E+00
     8.294     0.480    0.288E+00    0.867E-01    0.483E-01    0.189E-02    0.190E-02    0.852E-03    0.852E-03    0.156E-03    0.156E-03    0.000E+00    0.000E+00
     8.294     0.490    0.273E+00    0.798E-01    0.437E-01    0.162E-02    0.162E-02    0.728E-03    0.728E-03    0.133E-03    0.133E-03    0.000E+00    0.000E+00
     8.294     0.500    0.259E+00    0.732E-01    0.394E-01    0.138E-02    0.138E-02    0.620E-03    0.620E-03    0.113E-03    0.113E-03    0.000E+00    0.000E+00
     8.294     0.510    0.245E+00    0.670E-01    0.354E-01    0.117E-02    0.117E-02    0.526E-03    0.526E-03    0.961E-04    0.961E-04    0.000E+00    0.000E+00
     8.294     0.520    0.231E+00    0.611E-01    0.317E-01    0.991E-03    0.991E-03    0.445E-03    0.445E-03    0.810E-04    0.810E-04    0.000E+00    0.000E+00
     8.294     0.530    0.218E+00    0.556E-01    0.283E-01    0.834E-03    0.835E-03    0.375E-03    0.375E-03    0.679E-04    0.679E-04    0.000E+00    0.000E+00
     8.294     0.540    0.205E+00    0.504E-01    0.252E-01    0.700E-03    0.700E-03    0.314E-03    0.314E-03    0.566E-04    0.566E-04    0.000E+00    0.000E+00
     8.294     0.550    0.192E+00    0.456E-01    0.224E-01    0.584E-03    0.585E-03    0.262E-03    0.262E-03    0.469E-04    0.469E-04    0.000E+00    0.000E+00
     8.294     0.560    0.180E+00    0.411E-01    0.198E-01    0.486E-03    0.486E-03    0.218E-03    0.218E-03    0.387E-04    0.387E-04    0.000E+00    0.000E+00
     8.294     0.570    0.168E+00    0.369E-01    0.174E-01    0.402E-03    0.402E-03    0.180E-03    0.180E-03    0.316E-04    0.316E-04    0.000E+00    0.000E+00
     8.294     0.580    0.157E+00    0.331E-01    0.153E-01    0.331E-03    0.331E-03    0.148E-03    0.148E-03    0.257E-04    0.257E-04    0.000E+00    0.000E+00
     8.294     0.590    0.146E+00    0.295E-01    0.134E-01    0.271E-03    0.271E-03    0.121E-03    0.121E-03    0.207E-04    0.207E-04    0.000E+00    0.000E+00
     8.294     0.600    0.135E+00    0.263E-01    0.117E-01    0.221E-03    0.221E-03    0.982E-04    0.982E-04    0.166E-04    0.166E-04    0.000E+00    0.000E+00
     8.294     0.610    0.125E+00    0.233E-01    0.101E-01    0.179E-03    0.179E-03    0.794E-04    0.794E-04    0.131E-04    0.131E-04    0.000E+00    0.000E+00
     8.294     0.620    0.115E+00    0.206E-01    0.872E-02    0.144E-03    0.144E-03    0.637E-04    0.637E-04    0.103E-04    0.103E-04    0.000E+00    0.000E+00
     8.294     0.630    0.106E+00    0.181E-01    0.749E-02    0.115E-03    0.115E-03    0.509E-04    0.509E-04    0.798E-05    0.798E-05    0.000E+00    0.000E+00
     8.294     0.640    0.973E-01    0.159E-01    0.641E-02    0.915E-04    0.915E-04    0.403E-04    0.403E-04    0.611E-05    0.611E-05    0.000E+00    0.000E+00
     8.294     0.650    0.889E-01    0.139E-01    0.545E-02    0.722E-04    0.722E-04    0.317E-04    0.317E-04    0.462E-05    0.462E-05    0.000E+00    0.000E+00
     8.294     0.660    0.810E-01    0.121E-01    0.461E-02    0.565E-04    0.565E-04    0.247E-04    0.247E-04    0.343E-05    0.343E-05    0.000E+00    0.000E+00
     8.294     0.670    0.736E-01    0.105E-01    0.388E-02    0.439E-04    0.439E-04    0.191E-04    0.191E-04    0.250E-05    0.250E-05    0.000E+00    0.000E+00
     8.294     0.680    0.666E-01    0.910E-02    0.324E-02    0.338E-04    0.338E-04    0.146E-04    0.146E-04    0.179E-05    0.179E-05    0.000E+00    0.000E+00
     8.294     0.690    0.600E-01    0.783E-02    0.269E-02    0.258E-04    0.258E-04    0.111E-04    0.111E-04    0.124E-05    0.124E-05    0.000E+00    0.000E+00
     8.294     0.700    0.539E-01    0.672E-02    0.222E-02    0.195E-04    0.195E-04    0.831E-05    0.831E-05    0.832E-06    0.832E-06    0.000E+00    0.000E+00
     8.294     0.710    0.481E-01    0.574E-02    0.182E-02    0.146E-04    0.146E-04    0.614E-05    0.614E-05    0.528E-06    0.528E-06    0.000E+00    0.000E+00
     8.294     0.720    0.428E-01    0.489E-02    0.148E-02    0.108E-04    0.108E-04    0.451E-05    0.451E-05    0.315E-06    0.315E-06    0.000E+00    0.000E+00
     8.294     0.730    0.379E-01    0.414E-02    0.120E-02    0.786E-05    0.786E-05    0.324E-05    0.324E-05    0.160E-06    0.160E-06    0.000E+00    0.000E+00
     8.294     0.740    0.333E-01    0.350E-02    0.959E-03    0.567E-05    0.567E-05    0.231E-05    0.231E-05    0.616E-07    0.616E-07    0.000E+00    0.000E+00
     8.294     0.750    0.292E-01    0.294E-02    0.761E-03    0.402E-05    0.402E-05    0.161E-05    0.161E-05    0.123E-07    0.123E-07    0.000E+00    0.000E+00
     8.294     0.760    0.254E-01    0.246E-02    0.598E-03    0.281E-05    0.281E-05    0.110E-05    0.110E-05    0.000E+00    0.000E+00    0.000E+00    0.000E+00
     8.294     0.770    0.219E-01    0.205E-02    0.466E-03    0.193E-05    0.193E-05    0.739E-06    0.739E-06    0.000E+00    0.000E+00    0.000E+00    0.000E+00
     8.294     0.780    0.188E-01    0.169E-02    0.359E-03    0.129E-05    0.129E-05    0.480E-06    0.480E-06    0.000E+00    0.000E+00    0.000E+00    0.000E+00
     8.294     0.790    0.160E-01    0.139E-02    0.274E-03    0.860E-06    0.860E-06    0.308E-06    0.308E-06    0.000E+00    0.000E+00    0.000E+00    0.000E+00
     8.294     0.800    0.135E-01    0.114E-02    0.205E-03    0.546E-06    0.546E-06    0.185E-06    0.185E-06    0.000E+00    0.000E+00    0.000E+00    0.000E+00
     8.294     0.810    0.113E-01    0.927E-03    0.153E-03    0.343E-06    0.343E-06    0.109E-06    0.109E-06    0.000E+00    0.000E+00    0.000E+00    0.000E+00
     8.294     0.820    0.930E-02    0.748E-03    0.111E-03    0.206E-06    0.206E-06    0.596E-07    0.596E-07    0.000E+00    0.000E+00    0.000E+00    0.000E+00
     8.294     0.830    0.760E-02    0.598E-03    0.802E-04    0.119E-06    0.119E-06    0.298E-07    0.298E-07    0.000E+00    0.000E+00    0.000E+00    0.000E+00
     8.294     0.840    0.612E-02    0.474E-03    0.568E-04    0.665E-07    0.665E-07    0.133E-07    0.133E-07    0.000E+00    0.000E+00    0.000E+00    0.000E+00
     8.294     0.850    0.486E-02    0.371E-03    0.393E-04    0.334E-07    0.334E-07    0.362E-08    0.362E-08    0.000E+00    0.000E+00    0.000E+00    0.000E+00
     8.294     0.860    0.379E-02    0.287E-03    0.268E-04    0.169E-07    0.169E-07    0.178E-09    0.178E-09    0.000E+00    0.000E+00    0.000E+00    0.000E+00
     8.294     0.870    0.290E-02    0.218E-03    0.176E-04    0.625E-08    0.625E-08    0.000E+00    0.000E+00    0.000E+00    0.000E+00    0.000E+00    0.000E+00
     8.294     0.880    0.217E-02    0.163E-03    0.114E-04    0.213E-08    0.213E-08    0.000E+00    0.000E+00    0.000E+00    0.000E+00    0.000E+00    0.000E+00
     8.294     0.890    0.158E-02    0.118E-03    0.705E-05    0.196E-09    0.196E-09    0.000E+00    0.000E+00    0.000E+00    0.000E+00    0.000E+00    0.000E+00
     8.294     0.900    0.111E-02    0.839E-04    0.421E-05    0.000E+00    0.000E+00    0.000E+00    0.000E+00    0.000E+00    0.000E+00    0.000E+00    0.000E+00
     8.294     0.910    0.757E-03    0.574E-04    0.242E-05    0.000E+00    0.000E+00    0.000E+00    0.000E+00    0.000E+00    0.000E+00    0.000E+00    0.000E+00
     8.294     0.920    0.490E-03    0.375E-04    0.128E-05    0.000E+00    0.000E+00    0.000E+00    0.000E+00    0.000E+00    0.000E+00    0.000E+00    0.000E+00
     8.294     0.930    0.299E-03    0.232E-04    0.670E-06    0.000E+00    0.000E+00    0.000E+00    0.000E+00    0.000E+00    0.000E+00    0.000E+00    0.000E+00
     8.294     0.940    0.167E-03    0.132E-04    0.282E-06    0.000E+00    0.000E+00    0.000E+00    0.000E+00    0.000E+00    0.000E+00    0.000E+00    0.000E+00
     8.294     0.950    0.841E-04    0.673E-05    0.118E-06    0.000E+00    0.000E+00    0.000E+00    0.000E+00    0.000E+00    0.000E+00    0.000E+00    0.000E+00
     8.294     0.960    0.328E-04    0.269E-05    0.332E-07    0.000E+00    0.000E+00    0.000E+00    0.000E+00    0.000E+00    0.000E+00    0.000E+00    0.000E+00
     8.294     0.970    0.608E-05    0.520E-06    0.175E-09    0.000E+00    0.000E+00    0.000E+00    0.000E+00    0.000E+00    0.000E+00    0.000E+00    0.000E+00
     8.294     0.980    0.000E+00    0.000E+00    0.612E-08    0.000E+00    0.000E+00    0.000E+00    0.000E+00    0.000E+00    0.000E+00    0.000E+00    0.000E+00
     8.294     0.990    0.000E+00    0.000E+00    0.177E-07    0.000E+00    0.000E+00    0.000E+00    0.000E+00    0.000E+00    0.000E+00    0.000E+00    0.000E+00

