     Q**2          x         u           d           g          ub          db          sb          s          cb          c          bb          b
     9.699     0.010    0.478E+00    0.423E+00    0.478E+01    0.302E+00    0.323E+00    0.198E+00    0.198E+00    0.122E+00    0.122E+00    0.000E+00    0.000E+00
     9.699     0.020    0.503E+00    0.430E+00    0.393E+01    0.245E+00    0.266E+00    0.155E+00    0.155E+00    0.872E-01    0.872E-01    0.000E+00    0.000E+00
     9.699     0.030    0.532E+00    0.439E+00    0.335E+01    0.212E+00    0.232E+00    0.129E+00    0.129E+00    0.667E-01    0.667E-01    0.000E+00    0.000E+00
     9.699     0.040    0.559E+00    0.446E+00    0.292E+01    0.189E+00    0.209E+00    0.112E+00    0.112E+00    0.536E-01    0.536E-01    0.000E+00    0.000E+00
     9.699     0.050    0.582E+00    0.449E+00    0.255E+01    0.170E+00    0.191E+00    0.982E-01    0.982E-01    0.435E-01    0.435E-01    0.000E+00    0.000E+00
     9.699     0.060    0.601E+00    0.450E+00    0.225E+01    0.153E+00    0.177E+00    0.875E-01    0.875E-01    0.359E-01    0.359E-01    0.000E+00    0.000E+00
     9.699     0.070    0.617E+00    0.448E+00    0.198E+01    0.137E+00    0.165E+00    0.784E-01    0.784E-01    0.300E-01    0.300E-01    0.000E+00    0.000E+00
     9.699     0.080    0.630E+00    0.445E+00    0.176E+01    0.123E+00    0.155E+00    0.707E-01    0.707E-01    0.252E-01    0.252E-01    0.000E+00    0.000E+00
     9.699     0.090    0.641E+00    0.441E+00    0.156E+01    0.111E+00    0.145E+00    0.640E-01    0.640E-01    0.213E-01    0.213E-01    0.000E+00    0.000E+00
     9.699     0.100    0.650E+00    0.435E+00    0.139E+01    0.998E-01    0.136E+00    0.581E-01    0.581E-01    0.182E-01    0.182E-01    0.000E+00    0.000E+00
     9.699     0.110    0.657E+00    0.428E+00    0.124E+01    0.901E-01    0.128E+00    0.529E-01    0.529E-01    0.156E-01    0.156E-01    0.000E+00    0.000E+00
     9.699     0.120    0.662E+00    0.420E+00    0.111E+01    0.815E-01    0.120E+00    0.483E-01    0.483E-01    0.134E-01    0.134E-01    0.000E+00    0.000E+00
     9.699     0.130    0.666E+00    0.412E+00    0.990E+00    0.740E-01    0.111E+00    0.441E-01    0.441E-01    0.116E-01    0.116E-01    0.000E+00    0.000E+00
     9.699     0.140    0.669E+00    0.404E+00    0.889E+00    0.674E-01    0.104E+00    0.403E-01    0.403E-01    0.101E-01    0.101E-01    0.000E+00    0.000E+00
     9.699     0.150    0.670E+00    0.395E+00    0.801E+00    0.616E-01    0.959E-01    0.368E-01    0.368E-01    0.884E-02    0.884E-02    0.000E+00    0.000E+00
     9.699     0.160    0.670E+00    0.385E+00    0.723E+00    0.564E-01    0.885E-01    0.336E-01    0.336E-01    0.776E-02    0.776E-02    0.000E+00    0.000E+00
     9.699     0.170    0.669E+00    0.376E+00    0.654E+00    0.519E-01    0.814E-01    0.307E-01    0.307E-01    0.683E-02    0.683E-02    0.000E+00    0.000E+00
     9.699     0.180    0.666E+00    0.366E+00    0.593E+00    0.478E-01    0.745E-01    0.281E-01    0.281E-01    0.604E-02    0.604E-02    0.000E+00    0.000E+00
     9.699     0.190    0.662E+00    0.356E+00    0.539E+00    0.441E-01    0.681E-01    0.256E-01    0.256E-01    0.535E-02    0.535E-02    0.000E+00    0.000E+00
     9.699     0.200    0.657E+00    0.347E+00    0.491E+00    0.407E-01    0.620E-01    0.234E-01    0.234E-01    0.476E-02    0.476E-02    0.000E+00    0.000E+00
     9.699     0.210    0.651E+00    0.337E+00    0.448E+00    0.376E-01    0.563E-01    0.213E-01    0.213E-01    0.423E-02    0.423E-02    0.000E+00    0.000E+00
     9.699     0.220    0.644E+00    0.327E+00    0.410E+00    0.348E-01    0.509E-01    0.194E-01    0.194E-01    0.378E-02    0.378E-02    0.000E+00    0.000E+00
     9.699     0.230    0.636E+00    0.317E+00    0.376E+00    0.322E-01    0.460E-01    0.177E-01    0.177E-01    0.337E-02    0.337E-02    0.000E+00    0.000E+00
     9.699     0.240    0.626E+00    0.307E+00    0.345E+00    0.297E-01    0.414E-01    0.160E-01    0.160E-01    0.301E-02    0.301E-02    0.000E+00    0.000E+00
     9.699     0.250    0.616E+00    0.297E+00    0.317E+00    0.274E-01    0.372E-01    0.145E-01    0.145E-01    0.270E-02    0.270E-02    0.000E+00    0.000E+00
     9.699     0.260    0.605E+00    0.287E+00    0.292E+00    0.253E-01    0.334E-01    0.132E-01    0.132E-01    0.241E-02    0.241E-02    0.000E+00    0.000E+00
     9.699     0.270    0.594E+00    0.277E+00    0.269E+00    0.232E-01    0.299E-01    0.119E-01    0.119E-01    0.216E-02    0.216E-02    0.000E+00    0.000E+00
     9.699     0.280    0.581E+00    0.267E+00    0.248E+00    0.213E-01    0.267E-01    0.108E-01    0.108E-01    0.194E-02    0.194E-02    0.000E+00    0.000E+00
     9.699     0.290    0.569E+00    0.257E+00    0.229E+00    0.195E-01    0.238E-01    0.970E-02    0.970E-02    0.173E-02    0.173E-02    0.000E+00    0.000E+00
     9.699     0.300    0.555E+00    0.246E+00    0.211E+00    0.178E-01    0.212E-01    0.873E-02    0.873E-02    0.155E-02    0.155E-02    0.000E+00    0.000E+00
     9.699     0.310    0.541E+00    0.236E+00    0.195E+00    0.162E-01    0.189E-01    0.784E-02    0.784E-02    0.138E-02    0.138E-02    0.000E+00    0.000E+00
     9.699     0.320    0.527E+00    0.226E+00    0.180E+00    0.147E-01    0.167E-01    0.703E-02    0.703E-02    0.124E-02    0.124E-02    0.000E+00    0.000E+00
     9.699     0.330    0.512E+00    0.216E+00    0.166E+00    0.133E-01    0.149E-01    0.629E-02    0.629E-02    0.110E-02    0.110E-02    0.000E+00    0.000E+00
     9.699     0.340    0.497E+00    0.206E+00    0.153E+00    0.120E-01    0.132E-01    0.561E-02    0.561E-02    0.980E-03    0.980E-03    0.000E+00    0.000E+00
     9.699     0.350    0.481E+00    0.196E+00    0.141E+00    0.108E-01    0.116E-01    0.500E-02    0.500E-02    0.871E-03    0.871E-03    0.000E+00    0.000E+00
     9.699     0.360    0.466E+00    0.186E+00    0.130E+00    0.963E-02    0.103E-01    0.445E-02    0.445E-02    0.772E-03    0.772E-03    0.000E+00    0.000E+00
     9.699     0.370    0.450E+00    0.176E+00    0.120E+00    0.859E-02    0.908E-02    0.394E-02    0.394E-02    0.683E-03    0.683E-03    0.000E+00    0.000E+00
     9.699     0.380    0.434E+00    0.167E+00    0.110E+00    0.764E-02    0.799E-02    0.349E-02    0.349E-02    0.603E-03    0.603E-03    0.000E+00    0.000E+00
     9.699     0.390    0.418E+00    0.157E+00    0.101E+00    0.678E-02    0.703E-02    0.308E-02    0.308E-02    0.531E-03    0.531E-03    0.000E+00    0.000E+00
     9.699     0.400    0.402E+00    0.148E+00    0.928E-01    0.599E-02    0.617E-02    0.271E-02    0.271E-02    0.467E-03    0.467E-03    0.000E+00    0.000E+00
     9.699     0.410    0.387E+00    0.139E+00    0.849E-01    0.528E-02    0.540E-02    0.238E-02    0.238E-02    0.409E-03    0.409E-03    0.000E+00    0.000E+00
     9.699     0.420    0.371E+00    0.130E+00    0.776E-01    0.464E-02    0.472E-02    0.209E-02    0.209E-02    0.357E-03    0.357E-03    0.000E+00    0.000E+00
     9.699     0.430    0.355E+00    0.122E+00    0.708E-01    0.406E-02    0.412E-02    0.182E-02    0.182E-02    0.311E-03    0.311E-03    0.000E+00    0.000E+00
     9.699     0.440    0.340E+00    0.114E+00    0.645E-01    0.354E-02    0.358E-02    0.159E-02    0.159E-02    0.270E-03    0.270E-03    0.000E+00    0.000E+00
     9.699     0.450    0.324E+00    0.106E+00    0.586E-01    0.308E-02    0.311E-02    0.138E-02    0.138E-02    0.233E-03    0.233E-03    0.000E+00    0.000E+00
     9.699     0.460    0.309E+00    0.980E-01    0.531E-01    0.267E-02    0.269E-02    0.119E-02    0.119E-02    0.201E-03    0.201E-03    0.000E+00    0.000E+00
     9.699     0.470    0.294E+00    0.906E-01    0.480E-01    0.231E-02    0.232E-02    0.103E-02    0.103E-02    0.173E-03    0.173E-03    0.000E+00    0.000E+00
     9.699     0.480    0.279E+00    0.836E-01    0.433E-01    0.199E-02    0.200E-02    0.886E-03    0.886E-03    0.148E-03    0.148E-03    0.000E+00    0.000E+00
     9.699     0.490    0.265E+00    0.769E-01    0.390E-01    0.171E-02    0.171E-02    0.760E-03    0.760E-03    0.126E-03    0.126E-03    0.000E+00    0.000E+00
     9.699     0.500    0.251E+00    0.706E-01    0.350E-01    0.146E-02    0.146E-02    0.649E-03    0.649E-03    0.107E-03    0.107E-03    0.000E+00    0.000E+00
     9.699     0.510    0.237E+00    0.646E-01    0.313E-01    0.124E-02    0.125E-02    0.552E-03    0.552E-03    0.900E-04    0.900E-04    0.000E+00    0.000E+00
     9.699     0.520    0.224E+00    0.589E-01    0.279E-01    0.106E-02    0.106E-02    0.468E-03    0.468E-03    0.756E-04    0.756E-04    0.000E+00    0.000E+00
     9.699     0.530    0.211E+00    0.536E-01    0.248E-01    0.894E-03    0.894E-03    0.395E-03    0.395E-03    0.631E-04    0.631E-04    0.000E+00    0.000E+00
     9.699     0.540    0.198E+00    0.486E-01    0.220E-01    0.753E-03    0.753E-03    0.333E-03    0.333E-03    0.525E-04    0.525E-04    0.000E+00    0.000E+00
     9.699     0.550    0.186E+00    0.439E-01    0.195E-01    0.631E-03    0.631E-03    0.278E-03    0.278E-03    0.433E-04    0.433E-04    0.000E+00    0.000E+00
     9.699     0.560    0.174E+00    0.396E-01    0.171E-01    0.527E-03    0.527E-03    0.232E-03    0.232E-03    0.356E-04    0.356E-04    0.000E+00    0.000E+00
     9.699     0.570    0.162E+00    0.356E-01    0.150E-01    0.438E-03    0.438E-03    0.193E-03    0.193E-03    0.290E-04    0.290E-04    0.000E+00    0.000E+00
     9.699     0.580    0.151E+00    0.319E-01    0.132E-01    0.362E-03    0.362E-03    0.159E-03    0.159E-03    0.235E-04    0.235E-04    0.000E+00    0.000E+00
     9.699     0.590    0.140E+00    0.285E-01    0.115E-01    0.298E-03    0.298E-03    0.131E-03    0.131E-03    0.189E-04    0.189E-04    0.000E+00    0.000E+00
     9.699     0.600    0.130E+00    0.253E-01    0.993E-02    0.244E-03    0.244E-03    0.107E-03    0.107E-03    0.150E-04    0.150E-04    0.000E+00    0.000E+00
     9.699     0.610    0.120E+00    0.225E-01    0.858E-02    0.199E-03    0.199E-03    0.866E-04    0.866E-04    0.119E-04    0.119E-04    0.000E+00    0.000E+00
     9.699     0.620    0.111E+00    0.198E-01    0.738E-02    0.161E-03    0.161E-03    0.699E-04    0.699E-04    0.929E-05    0.929E-05    0.000E+00    0.000E+00
     9.699     0.630    0.102E+00    0.175E-01    0.631E-02    0.129E-03    0.129E-03    0.561E-04    0.561E-04    0.720E-05    0.720E-05    0.000E+00    0.000E+00
     9.699     0.640    0.933E-01    0.153E-01    0.538E-02    0.103E-03    0.103E-03    0.446E-04    0.446E-04    0.550E-05    0.550E-05    0.000E+00    0.000E+00
     9.699     0.650    0.853E-01    0.134E-01    0.456E-02    0.821E-04    0.821E-04    0.353E-04    0.353E-04    0.415E-05    0.415E-05    0.000E+00    0.000E+00
     9.699     0.660    0.777E-01    0.117E-01    0.384E-02    0.647E-04    0.647E-04    0.277E-04    0.277E-04    0.308E-05    0.308E-05    0.000E+00    0.000E+00
     9.699     0.670    0.705E-01    0.101E-01    0.322E-02    0.506E-04    0.506E-04    0.216E-04    0.216E-04    0.225E-05    0.225E-05    0.000E+00    0.000E+00
     9.699     0.680    0.637E-01    0.876E-02    0.269E-02    0.393E-04    0.393E-04    0.167E-04    0.167E-04    0.161E-05    0.161E-05    0.000E+00    0.000E+00
     9.699     0.690    0.574E-01    0.754E-02    0.223E-02    0.302E-04    0.302E-04    0.127E-04    0.127E-04    0.112E-05    0.112E-05    0.000E+00    0.000E+00
     9.699     0.700    0.515E-01    0.647E-02    0.183E-02    0.230E-04    0.230E-04    0.967E-05    0.967E-05    0.756E-06    0.756E-06    0.000E+00    0.000E+00
     9.699     0.710    0.460E-01    0.552E-02    0.150E-02    0.173E-04    0.173E-04    0.723E-05    0.723E-05    0.486E-06    0.486E-06    0.000E+00    0.000E+00
     9.699     0.720    0.408E-01    0.470E-02    0.122E-02    0.130E-04    0.130E-04    0.537E-05    0.537E-05    0.296E-06    0.296E-06    0.000E+00    0.000E+00
     9.699     0.730    0.361E-01    0.398E-02    0.981E-03    0.955E-05    0.955E-05    0.392E-05    0.392E-05    0.158E-06    0.158E-06    0.000E+00    0.000E+00
     9.699     0.740    0.318E-01    0.335E-02    0.785E-03    0.697E-05    0.697E-05    0.283E-05    0.283E-05    0.696E-07    0.696E-07    0.000E+00    0.000E+00
     9.699     0.750    0.278E-01    0.282E-02    0.622E-03    0.500E-05    0.500E-05    0.201E-05    0.201E-05    0.213E-07    0.213E-07    0.000E+00    0.000E+00
     9.699     0.760    0.241E-01    0.235E-02    0.489E-03    0.354E-05    0.354E-05    0.140E-05    0.140E-05    0.224E-08    0.224E-08    0.000E+00    0.000E+00
     9.699     0.770    0.208E-01    0.196E-02    0.381E-03    0.247E-05    0.247E-05    0.967E-06    0.967E-06    0.000E+00    0.000E+00    0.000E+00    0.000E+00
     9.699     0.780    0.178E-01    0.162E-02    0.293E-03    0.169E-05    0.169E-05    0.647E-06    0.647E-06    0.000E+00    0.000E+00    0.000E+00    0.000E+00
     9.699     0.790    0.152E-01    0.133E-02    0.224E-03    0.114E-05    0.114E-05    0.429E-06    0.429E-06    0.000E+00    0.000E+00    0.000E+00    0.000E+00
     9.699     0.800    0.128E-01    0.109E-02    0.169E-03    0.743E-06    0.743E-06    0.272E-06    0.272E-06    0.000E+00    0.000E+00    0.000E+00    0.000E+00
     9.699     0.810    0.107E-01    0.881E-03    0.126E-03    0.479E-06    0.479E-06    0.170E-06    0.170E-06    0.000E+00    0.000E+00    0.000E+00    0.000E+00
     9.699     0.820    0.880E-02    0.709E-03    0.920E-04    0.297E-06    0.297E-06    0.101E-06    0.101E-06    0.000E+00    0.000E+00    0.000E+00    0.000E+00
     9.699     0.830    0.717E-02    0.566E-03    0.665E-04    0.178E-06    0.178E-06    0.575E-07    0.575E-07    0.000E+00    0.000E+00    0.000E+00    0.000E+00
     9.699     0.840    0.577E-02    0.448E-03    0.473E-04    0.104E-06    0.104E-06    0.314E-07    0.314E-07    0.000E+00    0.000E+00    0.000E+00    0.000E+00
     9.699     0.850    0.458E-02    0.350E-03    0.329E-04    0.565E-07    0.565E-07    0.150E-07    0.150E-07    0.000E+00    0.000E+00    0.000E+00    0.000E+00
     9.699     0.860    0.357E-02    0.270E-03    0.226E-04    0.309E-07    0.309E-07    0.709E-08    0.709E-08    0.000E+00    0.000E+00    0.000E+00    0.000E+00
     9.699     0.870    0.273E-02    0.204E-03    0.150E-04    0.140E-07    0.140E-07    0.202E-08    0.202E-08    0.000E+00    0.000E+00    0.000E+00    0.000E+00
     9.699     0.880    0.204E-02    0.152E-03    0.980E-05    0.639E-08    0.639E-08    0.258E-09    0.258E-09    0.000E+00    0.000E+00    0.000E+00    0.000E+00
     9.699     0.890    0.148E-02    0.111E-03    0.613E-05    0.215E-08    0.215E-08    0.000E+00    0.000E+00    0.000E+00    0.000E+00    0.000E+00    0.000E+00
     9.699     0.900    0.104E-02    0.781E-04    0.371E-05    0.383E-09    0.383E-09    0.000E+00    0.000E+00    0.000E+00    0.000E+00    0.000E+00    0.000E+00
     9.699     0.910    0.707E-03    0.533E-04    0.216E-05    0.000E+00    0.000E+00    0.000E+00    0.000E+00    0.000E+00    0.000E+00    0.000E+00    0.000E+00
     9.699     0.920    0.456E-03    0.347E-04    0.116E-05    0.000E+00    0.000E+00    0.000E+00    0.000E+00    0.000E+00    0.000E+00    0.000E+00    0.000E+00
     9.699     0.930    0.278E-03    0.214E-04    0.612E-06    0.000E+00    0.000E+00    0.000E+00    0.000E+00    0.000E+00    0.000E+00    0.000E+00    0.000E+00
     9.699     0.940    0.155E-03    0.121E-04    0.264E-06    0.000E+00    0.000E+00    0.000E+00    0.000E+00    0.000E+00    0.000E+00    0.000E+00    0.000E+00
     9.699     0.950    0.777E-04    0.617E-05    0.112E-06    0.000E+00    0.000E+00    0.000E+00    0.000E+00    0.000E+00    0.000E+00    0.000E+00    0.000E+00
     9.699     0.960    0.302E-04    0.245E-05    0.320E-07    0.126E-12    0.126E-12    0.000E+00    0.000E+00    0.000E+00    0.000E+00    0.000E+00    0.000E+00
     9.699     0.970    0.555E-05    0.470E-06    0.715E-09    0.302E-12    0.302E-12    0.000E+00    0.000E+00    0.000E+00    0.000E+00    0.000E+00    0.000E+00
     9.699     0.980    0.000E+00    0.000E+00    0.505E-08    0.400E-12    0.400E-12    0.000E+00    0.000E+00    0.000E+00    0.000E+00    0.000E+00    0.000E+00
     9.699     0.990    0.000E+00    0.000E+00    0.152E-07    0.331E-12    0.331E-12    0.000E+00    0.000E+00    0.000E+00    0.000E+00    0.000E+00    0.000E+00

