     Q**2          x         u           d           g          ub          db          sb          s          cb          c          bb          b
     5.187     0.010    0.432E+00    0.396E+00    0.400E+01    0.271E+00    0.292E+00    0.146E+00    0.146E+00    0.551E-01    0.551E-01    0.000E+00    0.000E+00
     5.187     0.020    0.442E+00    0.399E+00    0.313E+01    0.224E+00    0.243E+00    0.119E+00    0.119E+00    0.435E-01    0.435E-01    0.000E+00    0.000E+00
     5.187     0.030    0.461E+00    0.404E+00    0.266E+01    0.196E+00    0.211E+00    0.103E+00    0.103E+00    0.365E-01    0.365E-01    0.000E+00    0.000E+00
     5.187     0.040    0.481E+00    0.407E+00    0.237E+01    0.177E+00    0.189E+00    0.923E-01    0.923E-01    0.318E-01    0.318E-01    0.000E+00    0.000E+00
     5.187     0.050    0.500E+00    0.409E+00    0.214E+01    0.160E+00    0.172E+00    0.832E-01    0.832E-01    0.280E-01    0.280E-01    0.000E+00    0.000E+00
     5.187     0.060    0.518E+00    0.410E+00    0.195E+01    0.145E+00    0.159E+00    0.757E-01    0.757E-01    0.249E-01    0.249E-01    0.000E+00    0.000E+00
     5.187     0.070    0.534E+00    0.410E+00    0.180E+01    0.132E+00    0.148E+00    0.693E-01    0.693E-01    0.222E-01    0.222E-01    0.000E+00    0.000E+00
     5.187     0.080    0.548E+00    0.409E+00    0.166E+01    0.120E+00    0.138E+00    0.635E-01    0.635E-01    0.199E-01    0.199E-01    0.000E+00    0.000E+00
     5.187     0.090    0.562E+00    0.408E+00    0.153E+01    0.109E+00    0.130E+00    0.585E-01    0.585E-01    0.179E-01    0.179E-01    0.000E+00    0.000E+00
     5.187     0.100    0.574E+00    0.405E+00    0.142E+01    0.989E-01    0.122E+00    0.539E-01    0.539E-01    0.162E-01    0.162E-01    0.000E+00    0.000E+00
     5.187     0.110    0.585E+00    0.402E+00    0.132E+01    0.902E-01    0.115E+00    0.498E-01    0.498E-01    0.146E-01    0.146E-01    0.000E+00    0.000E+00
     5.187     0.120    0.595E+00    0.397E+00    0.122E+01    0.824E-01    0.108E+00    0.460E-01    0.460E-01    0.132E-01    0.132E-01    0.000E+00    0.000E+00
     5.187     0.130    0.604E+00    0.393E+00    0.113E+01    0.756E-01    0.102E+00    0.426E-01    0.426E-01    0.119E-01    0.119E-01    0.000E+00    0.000E+00
     5.187     0.140    0.611E+00    0.387E+00    0.105E+01    0.695E-01    0.955E-01    0.395E-01    0.395E-01    0.108E-01    0.108E-01    0.000E+00    0.000E+00
     5.187     0.150    0.618E+00    0.381E+00    0.978E+00    0.641E-01    0.895E-01    0.366E-01    0.366E-01    0.973E-02    0.973E-02    0.000E+00    0.000E+00
     5.187     0.160    0.623E+00    0.375E+00    0.907E+00    0.594E-01    0.837E-01    0.339E-01    0.339E-01    0.879E-02    0.879E-02    0.000E+00    0.000E+00
     5.187     0.170    0.627E+00    0.368E+00    0.841E+00    0.551E-01    0.782E-01    0.314E-01    0.314E-01    0.795E-02    0.795E-02    0.000E+00    0.000E+00
     5.187     0.180    0.631E+00    0.361E+00    0.780E+00    0.513E-01    0.729E-01    0.291E-01    0.291E-01    0.717E-02    0.717E-02    0.000E+00    0.000E+00
     5.187     0.190    0.632E+00    0.354E+00    0.722E+00    0.479E-01    0.678E-01    0.270E-01    0.270E-01    0.647E-02    0.647E-02    0.000E+00    0.000E+00
     5.187     0.200    0.633E+00    0.346E+00    0.668E+00    0.448E-01    0.630E-01    0.251E-01    0.251E-01    0.584E-02    0.584E-02    0.000E+00    0.000E+00
     5.187     0.210    0.633E+00    0.338E+00    0.617E+00    0.420E-01    0.584E-01    0.232E-01    0.232E-01    0.526E-02    0.526E-02    0.000E+00    0.000E+00
     5.187     0.220    0.631E+00    0.330E+00    0.570E+00    0.394E-01    0.541E-01    0.215E-01    0.215E-01    0.474E-02    0.474E-02    0.000E+00    0.000E+00
     5.187     0.230    0.629E+00    0.322E+00    0.526E+00    0.370E-01    0.500E-01    0.200E-01    0.200E-01    0.426E-02    0.426E-02    0.000E+00    0.000E+00
     5.187     0.240    0.625E+00    0.314E+00    0.484E+00    0.348E-01    0.462E-01    0.185E-01    0.185E-01    0.383E-02    0.383E-02    0.000E+00    0.000E+00
     5.187     0.250    0.620E+00    0.305E+00    0.446E+00    0.327E-01    0.426E-01    0.171E-01    0.171E-01    0.344E-02    0.344E-02    0.000E+00    0.000E+00
     5.187     0.260    0.615E+00    0.296E+00    0.410E+00    0.308E-01    0.393E-01    0.159E-01    0.159E-01    0.308E-02    0.308E-02    0.000E+00    0.000E+00
     5.187     0.270    0.608E+00    0.287E+00    0.376E+00    0.289E-01    0.361E-01    0.147E-01    0.147E-01    0.276E-02    0.276E-02    0.000E+00    0.000E+00
     5.187     0.280    0.601E+00    0.279E+00    0.345E+00    0.272E-01    0.333E-01    0.136E-01    0.136E-01    0.247E-02    0.247E-02    0.000E+00    0.000E+00
     5.187     0.290    0.592E+00    0.270E+00    0.316E+00    0.255E-01    0.306E-01    0.125E-01    0.125E-01    0.221E-02    0.221E-02    0.000E+00    0.000E+00
     5.187     0.300    0.583E+00    0.260E+00    0.289E+00    0.239E-01    0.281E-01    0.116E-01    0.116E-01    0.197E-02    0.197E-02    0.000E+00    0.000E+00
     5.187     0.310    0.574E+00    0.251E+00    0.264E+00    0.224E-01    0.258E-01    0.107E-01    0.107E-01    0.175E-02    0.175E-02    0.000E+00    0.000E+00
     5.187     0.320    0.563E+00    0.242E+00    0.240E+00    0.210E-01    0.237E-01    0.987E-02    0.987E-02    0.156E-02    0.156E-02    0.000E+00    0.000E+00
     5.187     0.330    0.552E+00    0.233E+00    0.219E+00    0.196E-01    0.218E-01    0.910E-02    0.910E-02    0.138E-02    0.138E-02    0.000E+00    0.000E+00
     5.187     0.340    0.540E+00    0.224E+00    0.199E+00    0.182E-01    0.200E-01    0.838E-02    0.838E-02    0.123E-02    0.123E-02    0.000E+00    0.000E+00
     5.187     0.350    0.528E+00    0.215E+00    0.181E+00    0.170E-01    0.184E-01    0.772E-02    0.772E-02    0.109E-02    0.109E-02    0.000E+00    0.000E+00
     5.187     0.360    0.515E+00    0.206E+00    0.164E+00    0.158E-01    0.168E-01    0.710E-02    0.710E-02    0.960E-03    0.960E-03    0.000E+00    0.000E+00
     5.187     0.370    0.502E+00    0.197E+00    0.148E+00    0.146E-01    0.154E-01    0.652E-02    0.652E-02    0.847E-03    0.847E-03    0.000E+00    0.000E+00
     5.187     0.380    0.489E+00    0.188E+00    0.134E+00    0.135E-01    0.142E-01    0.598E-02    0.598E-02    0.746E-03    0.746E-03    0.000E+00    0.000E+00
     5.187     0.390    0.475E+00    0.179E+00    0.121E+00    0.125E-01    0.130E-01    0.549E-02    0.549E-02    0.656E-03    0.656E-03    0.000E+00    0.000E+00
     5.187     0.400    0.461E+00    0.170E+00    0.109E+00    0.115E-01    0.119E-01    0.502E-02    0.502E-02    0.575E-03    0.575E-03    0.000E+00    0.000E+00
     5.187     0.410    0.447E+00    0.161E+00    0.975E-01    0.106E-01    0.109E-01    0.460E-02    0.460E-02    0.503E-03    0.503E-03    0.000E+00    0.000E+00
     5.187     0.420    0.432E+00    0.153E+00    0.875E-01    0.974E-02    0.993E-02    0.420E-02    0.420E-02    0.440E-03    0.440E-03    0.000E+00    0.000E+00
     5.187     0.430    0.418E+00    0.144E+00    0.783E-01    0.893E-02    0.907E-02    0.383E-02    0.383E-02    0.383E-03    0.383E-03    0.000E+00    0.000E+00
     5.187     0.440    0.403E+00    0.136E+00    0.699E-01    0.817E-02    0.827E-02    0.349E-02    0.349E-02    0.333E-03    0.333E-03    0.000E+00    0.000E+00
     5.187     0.450    0.388E+00    0.128E+00    0.623E-01    0.746E-02    0.754E-02    0.317E-02    0.317E-02    0.289E-03    0.289E-03    0.000E+00    0.000E+00
     5.187     0.460    0.373E+00    0.120E+00    0.555E-01    0.680E-02    0.686E-02    0.288E-02    0.288E-02    0.250E-03    0.250E-03    0.000E+00    0.000E+00
     5.187     0.470    0.359E+00    0.113E+00    0.492E-01    0.619E-02    0.623E-02    0.261E-02    0.261E-02    0.216E-03    0.216E-03    0.000E+00    0.000E+00
     5.187     0.480    0.344E+00    0.106E+00    0.436E-01    0.562E-02    0.565E-02    0.236E-02    0.236E-02    0.186E-03    0.186E-03    0.000E+00    0.000E+00
     5.187     0.490    0.329E+00    0.985E-01    0.385E-01    0.509E-02    0.511E-02    0.214E-02    0.214E-02    0.160E-03    0.160E-03    0.000E+00    0.000E+00
     5.187     0.500    0.315E+00    0.917E-01    0.340E-01    0.460E-02    0.461E-02    0.193E-02    0.193E-02    0.137E-03    0.137E-03    0.000E+00    0.000E+00
     5.187     0.510    0.300E+00    0.851E-01    0.299E-01    0.415E-02    0.416E-02    0.173E-02    0.173E-02    0.117E-03    0.117E-03    0.000E+00    0.000E+00
     5.187     0.520    0.286E+00    0.788E-01    0.262E-01    0.373E-02    0.374E-02    0.155E-02    0.155E-02    0.996E-04    0.996E-04    0.000E+00    0.000E+00
     5.187     0.530    0.272E+00    0.728E-01    0.229E-01    0.335E-02    0.335E-02    0.139E-02    0.139E-02    0.845E-04    0.845E-04    0.000E+00    0.000E+00
     5.187     0.540    0.258E+00    0.670E-01    0.200E-01    0.300E-02    0.300E-02    0.124E-02    0.124E-02    0.715E-04    0.715E-04    0.000E+00    0.000E+00
     5.187     0.550    0.245E+00    0.615E-01    0.174E-01    0.267E-02    0.268E-02    0.111E-02    0.111E-02    0.603E-04    0.603E-04    0.000E+00    0.000E+00
     5.187     0.560    0.231E+00    0.563E-01    0.151E-01    0.238E-02    0.238E-02    0.982E-03    0.982E-03    0.507E-04    0.507E-04    0.000E+00    0.000E+00
     5.187     0.570    0.218E+00    0.514E-01    0.131E-01    0.211E-02    0.211E-02    0.869E-03    0.869E-03    0.425E-04    0.425E-04    0.000E+00    0.000E+00
     5.187     0.580    0.206E+00    0.468E-01    0.113E-01    0.186E-02    0.186E-02    0.766E-03    0.766E-03    0.354E-04    0.354E-04    0.000E+00    0.000E+00
     5.187     0.590    0.193E+00    0.424E-01    0.971E-02    0.164E-02    0.164E-02    0.673E-03    0.673E-03    0.295E-04    0.295E-04    0.000E+00    0.000E+00
     5.187     0.600    0.181E+00    0.383E-01    0.833E-02    0.143E-02    0.143E-02    0.588E-03    0.588E-03    0.244E-04    0.244E-04    0.000E+00    0.000E+00
     5.187     0.610    0.170E+00    0.345E-01    0.712E-02    0.125E-02    0.125E-02    0.512E-03    0.512E-03    0.201E-04    0.201E-04    0.000E+00    0.000E+00
     5.187     0.620    0.158E+00    0.309E-01    0.606E-02    0.108E-02    0.108E-02    0.444E-03    0.444E-03    0.165E-04    0.165E-04    0.000E+00    0.000E+00
     5.187     0.630    0.147E+00    0.277E-01    0.514E-02    0.936E-03    0.936E-03    0.383E-03    0.383E-03    0.135E-04    0.135E-04    0.000E+00    0.000E+00
     5.187     0.640    0.137E+00    0.246E-01    0.435E-02    0.803E-03    0.803E-03    0.328E-03    0.328E-03    0.110E-04    0.110E-04    0.000E+00    0.000E+00
     5.187     0.650    0.127E+00    0.218E-01    0.366E-02    0.684E-03    0.684E-03    0.279E-03    0.279E-03    0.887E-05    0.887E-05    0.000E+00    0.000E+00
     5.187     0.660    0.117E+00    0.192E-01    0.307E-02    0.578E-03    0.578E-03    0.235E-03    0.235E-03    0.713E-05    0.713E-05    0.000E+00    0.000E+00
     5.187     0.670    0.108E+00    0.169E-01    0.256E-02    0.484E-03    0.484E-03    0.197E-03    0.197E-03    0.571E-05    0.571E-05    0.000E+00    0.000E+00
     5.187     0.680    0.987E-01    0.147E-01    0.213E-02    0.402E-03    0.402E-03    0.163E-03    0.163E-03    0.454E-05    0.454E-05    0.000E+00    0.000E+00
     5.187     0.690    0.902E-01    0.128E-01    0.176E-02    0.330E-03    0.330E-03    0.134E-03    0.134E-03    0.359E-05    0.359E-05    0.000E+00    0.000E+00
     5.187     0.700    0.821E-01    0.111E-01    0.145E-02    0.267E-03    0.267E-03    0.108E-03    0.108E-03    0.283E-05    0.283E-05    0.000E+00    0.000E+00
     5.187     0.710    0.745E-01    0.951E-02    0.119E-02    0.212E-03    0.212E-03    0.863E-04    0.863E-04    0.220E-05    0.220E-05    0.000E+00    0.000E+00
     5.187     0.720    0.673E-01    0.811E-02    0.971E-03    0.166E-03    0.166E-03    0.673E-04    0.673E-04    0.171E-05    0.171E-05    0.000E+00    0.000E+00
     5.187     0.730    0.606E-01    0.688E-02    0.787E-03    0.126E-03    0.126E-03    0.512E-04    0.512E-04    0.131E-05    0.131E-05    0.000E+00    0.000E+00
     5.187     0.740    0.542E-01    0.579E-02    0.634E-03    0.927E-04    0.927E-04    0.377E-04    0.377E-04    0.100E-05    0.100E-05    0.000E+00    0.000E+00
     5.187     0.750    0.483E-01    0.484E-02    0.508E-03    0.649E-04    0.649E-04    0.264E-04    0.264E-04    0.759E-06    0.759E-06    0.000E+00    0.000E+00
     5.187     0.760    0.428E-01    0.401E-02    0.404E-03    0.421E-04    0.421E-04    0.172E-04    0.172E-04    0.569E-06    0.569E-06    0.000E+00    0.000E+00
     5.187     0.770    0.377E-01    0.329E-02    0.320E-03    0.237E-04    0.237E-04    0.971E-05    0.971E-05    0.423E-06    0.423E-06    0.000E+00    0.000E+00
     5.187     0.780    0.330E-01    0.267E-02    0.250E-03    0.920E-05    0.920E-05    0.380E-05    0.380E-05    0.310E-06    0.310E-06    0.000E+00    0.000E+00
     5.187     0.790    0.287E-01    0.215E-02    0.195E-03    0.000E+00    0.000E+00    0.000E+00    0.000E+00    0.227E-06    0.227E-06    0.000E+00    0.000E+00
     5.187     0.800    0.247E-01    0.172E-02    0.150E-03    0.000E+00    0.000E+00    0.000E+00    0.000E+00    0.162E-06    0.162E-06    0.000E+00    0.000E+00
     5.187     0.810    0.211E-01    0.136E-02    0.115E-03    0.000E+00    0.000E+00    0.000E+00    0.000E+00    0.115E-06    0.115E-06    0.000E+00    0.000E+00
     5.187     0.820    0.179E-01    0.106E-02    0.865E-04    0.000E+00    0.000E+00    0.000E+00    0.000E+00    0.806E-07    0.806E-07    0.000E+00    0.000E+00
     5.187     0.830    0.150E-01    0.817E-03    0.645E-04    0.000E+00    0.000E+00    0.000E+00    0.000E+00    0.555E-07    0.555E-07    0.000E+00    0.000E+00
     5.187     0.840    0.124E-01    0.619E-03    0.476E-04    0.000E+00    0.000E+00    0.000E+00    0.000E+00    0.377E-07    0.377E-07    0.000E+00    0.000E+00
     5.187     0.850    0.102E-01    0.461E-03    0.344E-04    0.000E+00    0.000E+00    0.000E+00    0.000E+00    0.248E-07    0.248E-07    0.000E+00    0.000E+00
     5.187     0.860    0.821E-02    0.338E-03    0.246E-04    0.000E+00    0.000E+00    0.000E+00    0.000E+00    0.163E-07    0.163E-07    0.000E+00    0.000E+00
     5.187     0.870    0.650E-02    0.242E-03    0.171E-04    0.000E+00    0.000E+00    0.000E+00    0.000E+00    0.102E-07    0.102E-07    0.000E+00    0.000E+00
     5.187     0.880    0.505E-02    0.169E-03    0.117E-04    0.000E+00    0.000E+00    0.000E+00    0.000E+00    0.631E-08    0.631E-08    0.000E+00    0.000E+00
     5.187     0.890    0.383E-02    0.115E-03    0.771E-05    0.000E+00    0.000E+00    0.000E+00    0.000E+00    0.370E-08    0.370E-08    0.000E+00    0.000E+00
     5.187     0.900    0.283E-02    0.760E-04    0.492E-05    0.000E+00    0.000E+00    0.000E+00    0.000E+00    0.209E-08    0.209E-08    0.000E+00    0.000E+00
     5.187     0.910    0.202E-02    0.485E-04    0.302E-05    0.000E+00    0.000E+00    0.000E+00    0.000E+00    0.114E-08    0.114E-08    0.000E+00    0.000E+00
     5.187     0.920    0.138E-02    0.295E-04    0.174E-05    0.000E+00    0.000E+00    0.000E+00    0.000E+00    0.549E-09    0.549E-09    0.000E+00    0.000E+00
     5.187     0.930    0.901E-03    0.173E-04    0.960E-06    0.000E+00    0.000E+00    0.000E+00    0.000E+00    0.276E-09    0.276E-09    0.000E+00    0.000E+00
     5.187     0.940    0.546E-03    0.916E-05    0.455E-06    0.000E+00    0.000E+00    0.000E+00    0.000E+00    0.101E-09    0.101E-09    0.000E+00    0.000E+00
     5.187     0.950    0.299E-03    0.458E-05    0.200E-06    0.000E+00    0.000E+00    0.000E+00    0.000E+00    0.417E-10    0.417E-10    0.000E+00    0.000E+00
     5.187     0.960    0.131E-03    0.177E-05    0.618E-07    0.172E-07    0.172E-07    0.687E-08    0.687E-08    0.115E-10    0.115E-10    0.000E+00    0.000E+00
     5.187     0.970    0.292E-04    0.311E-06    0.491E-08    0.413E-07    0.413E-07    0.165E-07    0.165E-07    0.000E+00    0.000E+00    0.000E+00    0.000E+00
     5.187     0.980    0.000E+00    0.000E+00    0.422E-08    0.548E-07    0.548E-07    0.219E-07    0.219E-07    0.332E-11    0.332E-11    0.000E+00    0.000E+00
     5.187     0.990    0.000E+00    0.000E+00    0.173E-07    0.453E-07    0.453E-07    0.181E-07    0.181E-07    0.861E-11    0.861E-11    0.000E+00    0.000E+00

