# Q2	W	W1	W2
3.793000e+00	1.039430e+00	9.297155e-05	7.793688e-05
3.793000e+00	1.046769e+00	1.156456e-04	9.465388e-05
3.793000e+00	1.054109e+00	1.425626e-04	1.150404e-04
3.793000e+00	1.061448e+00	1.740326e-04	1.392057e-04
3.793000e+00	1.068788e+00	2.103657e-04	1.672571e-04
3.793000e+00	1.076127e+00	2.518719e-04	1.992994e-04
3.793000e+00	1.083467e+00	2.988610e-04	2.354353e-04
3.793000e+00	1.090806e+00	3.516433e-04	2.757651e-04
3.793000e+00	1.098146e+00	4.105287e-04	3.203871e-04
3.793000e+00	1.105486e+00	4.758271e-04	3.693972e-04
3.793000e+00	1.112825e+00	5.478486e-04	4.228893e-04
3.793000e+00	1.120165e+00	6.269033e-04	4.809551e-04
3.793000e+00	1.127504e+00	7.133010e-04	5.436842e-04
3.793000e+00	1.134844e+00	8.073519e-04	6.111638e-04
3.793000e+00	1.142183e+00	9.093660e-04	6.834794e-04
3.793000e+00	1.149523e+00	1.019653e-03	7.607142e-04
3.793000e+00	1.156862e+00	1.138524e-03	8.429494e-04
3.793000e+00	1.164202e+00	1.266287e-03	9.302641e-04
3.793000e+00	1.171541e+00	1.403254e-03	1.022735e-03
3.793000e+00	1.178881e+00	1.549734e-03	1.120438e-03
3.793000e+00	1.186221e+00	1.706037e-03	1.223446e-03
3.793000e+00	1.193560e+00	1.872473e-03	1.331830e-03
3.793000e+00	1.200900e+00	2.049353e-03	1.445659e-03
3.793000e+00	1.208239e+00	2.236985e-03	1.565001e-03
3.793000e+00	1.215579e+00	2.435681e-03	1.689921e-03
3.793000e+00	1.222918e+00	2.645751e-03	1.820482e-03
3.793000e+00	1.230258e+00	2.867503e-03	1.956747e-03
3.793000e+00	1.237597e+00	3.101249e-03	2.098775e-03
3.793000e+00	1.244937e+00	3.347298e-03	2.246624e-03
3.793000e+00	1.252277e+00	3.605950e-03	2.400336e-03
3.793000e+00	1.259616e+00	3.877456e-03	2.559890e-03
3.793000e+00	1.266956e+00	4.162058e-03	2.725248e-03
3.793000e+00	1.274295e+00	4.459996e-03	2.896373e-03
3.793000e+00	1.281635e+00	4.771511e-03	3.073226e-03
3.793000e+00	1.288974e+00	5.096844e-03	3.255770e-03
3.793000e+00	1.296314e+00	5.436236e-03	3.443965e-03
3.793000e+00	1.303653e+00	5.789926e-03	3.637775e-03
3.793000e+00	1.310993e+00	6.158155e-03	3.837160e-03
3.793000e+00	1.318332e+00	6.541165e-03	4.042081e-03
3.793000e+00	1.325672e+00	6.939196e-03	4.252500e-03
3.793000e+00	1.333012e+00	7.352489e-03	4.468377e-03
3.793000e+00	1.340351e+00	7.781284e-03	4.689674e-03
3.793000e+00	1.347691e+00	8.225822e-03	4.916351e-03
3.793000e+00	1.355030e+00	8.686343e-03	5.148369e-03
3.793000e+00	1.362370e+00	9.163086e-03	5.385678e-03
3.793000e+00	1.369709e+00	9.656285e-03	5.628214e-03
3.793000e+00	1.377049e+00	1.016617e-02	5.875911e-03
3.793000e+00	1.384388e+00	1.069299e-02	6.128706e-03
3.793000e+00	1.391728e+00	1.123696e-02	6.386533e-03
3.793000e+00	1.399068e+00	1.179832e-02	6.649329e-03
3.793000e+00	1.406407e+00	1.237731e-02	6.917030e-03
3.793000e+00	1.413747e+00	1.297415e-02	7.189574e-03
3.793000e+00	1.421086e+00	1.358909e-02	7.466897e-03
3.793000e+00	1.428426e+00	1.422236e-02	7.748938e-03
3.793000e+00	1.435765e+00	1.487419e-02	8.035634e-03
3.793000e+00	1.443105e+00	1.554482e-02	8.326925e-03
3.793000e+00	1.450444e+00	1.623447e-02	8.622749e-03
3.793000e+00	1.457784e+00	1.694339e-02	8.923046e-03
3.793000e+00	1.465123e+00	1.767180e-02	9.227755e-03
3.793000e+00	1.472463e+00	1.841990e-02	9.536791e-03
3.793000e+00	1.479803e+00	1.918769e-02	9.849982e-03
3.793000e+00	1.487142e+00	1.997515e-02	1.016714e-02
3.793000e+00	1.494482e+00	2.078225e-02	1.048808e-02
3.793000e+00	1.501821e+00	2.160899e-02	1.081263e-02
3.793000e+00	1.509161e+00	2.245533e-02	1.114060e-02
3.793000e+00	1.516500e+00	2.332126e-02	1.147181e-02
3.793000e+00	1.523840e+00	2.420676e-02	1.180610e-02
3.793000e+00	1.531179e+00	2.511180e-02	1.214329e-02
3.793000e+00	1.538519e+00	2.603636e-02	1.248321e-02
3.793000e+00	1.545859e+00	2.698042e-02	1.282570e-02
3.793000e+00	1.553198e+00	2.794396e-02	1.317059e-02
3.793000e+00	1.560538e+00	2.892696e-02	1.351772e-02
3.793000e+00	1.567877e+00	2.992939e-02	1.386694e-02
3.793000e+00	1.575217e+00	3.095125e-02	1.421808e-02
3.793000e+00	1.582556e+00	3.199249e-02	1.457100e-02
3.793000e+00	1.589896e+00	3.305312e-02	1.492555e-02
3.793000e+00	1.597235e+00	3.413319e-02	1.528161e-02
3.793000e+00	1.604575e+00	3.523275e-02	1.563911e-02
3.793000e+00	1.611914e+00	3.635189e-02	1.599794e-02
3.793000e+00	1.619254e+00	3.749067e-02	1.635802e-02
3.793000e+00	1.626594e+00	3.864915e-02	1.671925e-02
3.793000e+00	1.633933e+00	3.982741e-02	1.708155e-02
3.793000e+00	1.641273e+00	4.102552e-02	1.744483e-02
3.793000e+00	1.648612e+00	4.224354e-02	1.780900e-02
3.793000e+00	1.655952e+00	4.348154e-02	1.817399e-02
3.793000e+00	1.663291e+00	4.473959e-02	1.853970e-02
3.793000e+00	1.670631e+00	4.601776e-02	1.890606e-02
3.793000e+00	1.677970e+00	4.731612e-02	1.927299e-02
3.793000e+00	1.685310e+00	4.863473e-02	1.964041e-02
3.793000e+00	1.692650e+00	4.997366e-02	2.000824e-02
3.793000e+00	1.699989e+00	5.133299e-02	2.037640e-02
3.793000e+00	1.707329e+00	5.271278e-02	2.074482e-02
3.793000e+00	1.714668e+00	5.411309e-02	2.111342e-02
3.793000e+00	1.722008e+00	5.553390e-02	2.148211e-02
3.793000e+00	1.729347e+00	5.697513e-02	2.185078e-02
3.793000e+00	1.736687e+00	5.843672e-02	2.221930e-02
3.793000e+00	1.744026e+00	5.991859e-02	2.258758e-02
3.793000e+00	1.751366e+00	6.142066e-02	2.295551e-02
3.793000e+00	1.758705e+00	6.294285e-02	2.332297e-02
3.793000e+00	1.766045e+00	6.448510e-02	2.368988e-02
3.793000e+00	1.773385e+00	6.604733e-02	2.405612e-02
3.793000e+00	1.780724e+00	6.762947e-02	2.442160e-02
3.793000e+00	1.788064e+00	6.923143e-02	2.478623e-02
3.793000e+00	1.795403e+00	7.085315e-02	2.514989e-02
3.793000e+00	1.802743e+00	7.249455e-02	2.551251e-02
3.793000e+00	1.810082e+00	7.415555e-02	2.587398e-02
3.793000e+00	1.817422e+00	7.583609e-02	2.623422e-02
3.793000e+00	1.824761e+00	7.753608e-02	2.659314e-02
3.793000e+00	1.832101e+00	7.925546e-02	2.695065e-02
3.793000e+00	1.839441e+00	8.099414e-02	2.730666e-02
3.793000e+00	1.846780e+00	8.275206e-02	2.766109e-02
3.793000e+00	1.854120e+00	8.452912e-02	2.801386e-02
3.793000e+00	1.861459e+00	8.632519e-02	2.836489e-02
3.793000e+00	1.868799e+00	8.814012e-02	2.871410e-02
3.793000e+00	1.876138e+00	8.997377e-02	2.906141e-02
3.793000e+00	1.883478e+00	9.182598e-02	2.940674e-02
3.793000e+00	1.890817e+00	9.369662e-02	2.975003e-02
3.793000e+00	1.898157e+00	9.558553e-02	3.009120e-02
3.793000e+00	1.905496e+00	9.749257e-02	3.043018e-02
3.793000e+00	1.912836e+00	9.941758e-02	3.076690e-02
3.793000e+00	1.920176e+00	1.013604e-01	3.110129e-02
3.793000e+00	1.927515e+00	1.033210e-01	3.143329e-02
3.793000e+00	1.934855e+00	1.052991e-01	3.176282e-02
3.793000e+00	1.942194e+00	1.072945e-01	3.208983e-02
3.793000e+00	1.949534e+00	1.093073e-01	3.241426e-02
3.793000e+00	1.956873e+00	1.113371e-01	3.273603e-02
3.793000e+00	1.964213e+00	1.133838e-01	3.305510e-02
3.793000e+00	1.971552e+00	1.154474e-01	3.337139e-02
3.793000e+00	1.978892e+00	1.175277e-01	3.368487e-02
3.793000e+00	1.986232e+00	1.196244e-01	3.399545e-02
3.793000e+00	1.993571e+00	1.217375e-01	3.430311e-02
3.793000e+00	2.000911e+00	1.238669e-01	3.460777e-02
3.793000e+00	2.008250e+00	1.260123e-01	3.490940e-02
3.793000e+00	2.015590e+00	1.281735e-01	3.520796e-02
3.793000e+00	2.022929e+00	1.303504e-01	3.550341e-02
3.793000e+00	2.030269e+00	1.325428e-01	3.579572e-02
3.793000e+00	2.037608e+00	1.347505e-01	3.608486e-02
3.793000e+00	2.044948e+00	1.369734e-01	3.637079e-02
3.793000e+00	2.052287e+00	1.392112e-01	3.665348e-02
3.793000e+00	2.059627e+00	1.414637e-01	3.693289e-02
3.793000e+00	2.066967e+00	1.437308e-01	3.720901e-02
3.793000e+00	2.074306e+00	1.460122e-01	3.748180e-02
3.793000e+00	2.081646e+00	1.483079e-01	3.775122e-02
3.793000e+00	2.088985e+00	1.506176e-01	3.801726e-02
3.793000e+00	2.096325e+00	1.529411e-01	3.827988e-02
3.793000e+00	2.103664e+00	1.552782e-01	3.853906e-02
3.793000e+00	2.111004e+00	1.576288e-01	3.879477e-02
3.793000e+00	2.118343e+00	1.599927e-01	3.904698e-02
3.793000e+00	2.125683e+00	1.623696e-01	3.929568e-02
3.793000e+00	2.133023e+00	1.647594e-01	3.954084e-02
3.793000e+00	2.140362e+00	1.671620e-01	3.978243e-02
3.793000e+00	2.147702e+00	1.695771e-01	4.002044e-02
3.793000e+00	2.155041e+00	1.720045e-01	4.025484e-02
3.793000e+00	2.162381e+00	1.744441e-01	4.048560e-02
3.793000e+00	2.169720e+00	1.768956e-01	4.071273e-02
3.793000e+00	2.177060e+00	1.793591e-01	4.093622e-02
3.793000e+00	2.184399e+00	1.818343e-01	4.115610e-02
3.793000e+00	2.191739e+00	1.843212e-01	4.137238e-02
3.793000e+00	2.199078e+00	1.868196e-01	4.158507e-02
3.793000e+00	2.206418e+00	1.893296e-01	4.179420e-02
3.793000e+00	2.213758e+00	1.918509e-01	4.199977e-02
3.793000e+00	2.221097e+00	1.943834e-01	4.220181e-02
3.793000e+00	2.228437e+00	1.969272e-01	4.240032e-02
3.793000e+00	2.235776e+00	1.994819e-01	4.259533e-02
3.793000e+00	2.243116e+00	2.020477e-01	4.278685e-02
3.793000e+00	2.250455e+00	2.046243e-01	4.297490e-02
3.793000e+00	2.257795e+00	2.072116e-01	4.315949e-02
3.793000e+00	2.265134e+00	2.098097e-01	4.334064e-02
3.793000e+00	2.272474e+00	2.124182e-01	4.351837e-02
3.793000e+00	2.279814e+00	2.150372e-01	4.369269e-02
3.793000e+00	2.287153e+00	2.176666e-01	4.386361e-02
3.793000e+00	2.294493e+00	2.203062e-01	4.403116e-02
3.793000e+00	2.301832e+00	2.229560e-01	4.419535e-02
3.793000e+00	2.309172e+00	2.256158e-01	4.435619e-02
3.793000e+00	2.316511e+00	2.282855e-01	4.451371e-02
3.793000e+00	2.323851e+00	2.309651e-01	4.466791e-02
3.793000e+00	2.331190e+00	2.336545e-01	4.481882e-02
3.793000e+00	2.338530e+00	2.363534e-01	4.496645e-02
3.793000e+00	2.345869e+00	2.390619e-01	4.511081e-02
3.793000e+00	2.353209e+00	2.417799e-01	4.525193e-02
3.793000e+00	2.360549e+00	2.445071e-01	4.538981e-02
3.793000e+00	2.367888e+00	2.472435e-01	4.552449e-02
3.793000e+00	2.375228e+00	2.499888e-01	4.565596e-02
3.793000e+00	2.382567e+00	2.527430e-01	4.578426e-02
3.793000e+00	2.389907e+00	2.555059e-01	4.590940e-02
3.793000e+00	2.397246e+00	2.582773e-01	4.603139e-02
3.793000e+00	2.404586e+00	2.610571e-01	4.615025e-02
3.793000e+00	2.411925e+00	2.638451e-01	4.626601e-02
3.793000e+00	2.419265e+00	2.666411e-01	4.637867e-02
3.793000e+00	2.426605e+00	2.694451e-01	4.648826e-02
3.793000e+00	2.433944e+00	2.722568e-01	4.659479e-02
3.793000e+00	2.441284e+00	2.750761e-01	4.669828e-02
3.793000e+00	2.448623e+00	2.779028e-01	4.679875e-02
3.793000e+00	2.455963e+00	2.807369e-01	4.689620e-02
3.793000e+00	2.463302e+00	2.835780e-01	4.699067e-02
3.793000e+00	2.470642e+00	2.864261e-01	4.708216e-02
3.793000e+00	2.477981e+00	2.892811e-01	4.717070e-02
3.793000e+00	2.485321e+00	2.921427e-01	4.725630e-02
3.793000e+00	2.492660e+00	2.950109e-01	4.733897e-02
3.793000e+00	2.500000e+00	2.978854e-01	4.741874e-02
