     Q**2          x         u           d           g          ub          db          sb          s          cb          c          bb          b
     3.793     0.010    0.413E+00    0.379E+00    0.346E+01    0.257E+00    0.278E+00    0.130E+00    0.130E+00    0.389E-01    0.389E-01    0.000E+00    0.000E+00
     3.793     0.020    0.427E+00    0.387E+00    0.281E+01    0.215E+00    0.233E+00    0.108E+00    0.108E+00    0.314E-01    0.314E-01    0.000E+00    0.000E+00
     3.793     0.030    0.447E+00    0.394E+00    0.244E+01    0.189E+00    0.204E+00    0.948E-01    0.948E-01    0.267E-01    0.267E-01    0.000E+00    0.000E+00
     3.793     0.040    0.469E+00    0.399E+00    0.222E+01    0.172E+00    0.184E+00    0.853E-01    0.853E-01    0.236E-01    0.236E-01    0.000E+00    0.000E+00
     3.793     0.050    0.490E+00    0.403E+00    0.203E+01    0.156E+00    0.168E+00    0.775E-01    0.775E-01    0.209E-01    0.209E-01    0.000E+00    0.000E+00
     3.793     0.060    0.508E+00    0.405E+00    0.188E+01    0.143E+00    0.156E+00    0.709E-01    0.709E-01    0.188E-01    0.188E-01    0.000E+00    0.000E+00
     3.793     0.070    0.525E+00    0.406E+00    0.175E+01    0.130E+00    0.146E+00    0.652E-01    0.652E-01    0.169E-01    0.169E-01    0.000E+00    0.000E+00
     3.793     0.080    0.541E+00    0.407E+00    0.163E+01    0.118E+00    0.137E+00    0.602E-01    0.602E-01    0.153E-01    0.153E-01    0.000E+00    0.000E+00
     3.793     0.090    0.556E+00    0.406E+00    0.152E+01    0.108E+00    0.129E+00    0.557E-01    0.557E-01    0.138E-01    0.138E-01    0.000E+00    0.000E+00
     3.793     0.100    0.569E+00    0.405E+00    0.142E+01    0.984E-01    0.122E+00    0.516E-01    0.516E-01    0.125E-01    0.125E-01    0.000E+00    0.000E+00
     3.793     0.110    0.581E+00    0.402E+00    0.133E+01    0.900E-01    0.115E+00    0.479E-01    0.479E-01    0.114E-01    0.114E-01    0.000E+00    0.000E+00
     3.793     0.120    0.592E+00    0.399E+00    0.125E+01    0.824E-01    0.109E+00    0.445E-01    0.445E-01    0.104E-01    0.104E-01    0.000E+00    0.000E+00
     3.793     0.130    0.602E+00    0.396E+00    0.117E+01    0.758E-01    0.103E+00    0.414E-01    0.414E-01    0.941E-02    0.941E-02    0.000E+00    0.000E+00
     3.793     0.140    0.612E+00    0.391E+00    0.109E+01    0.698E-01    0.970E-01    0.385E-01    0.385E-01    0.855E-02    0.855E-02    0.000E+00    0.000E+00
     3.793     0.150    0.619E+00    0.386E+00    0.102E+01    0.646E-01    0.913E-01    0.358E-01    0.358E-01    0.777E-02    0.777E-02    0.000E+00    0.000E+00
     3.793     0.160    0.626E+00    0.381E+00    0.954E+00    0.599E-01    0.857E-01    0.334E-01    0.334E-01    0.706E-02    0.706E-02    0.000E+00    0.000E+00
     3.793     0.170    0.632E+00    0.375E+00    0.891E+00    0.558E-01    0.803E-01    0.311E-01    0.311E-01    0.642E-02    0.642E-02    0.000E+00    0.000E+00
     3.793     0.180    0.636E+00    0.368E+00    0.831E+00    0.521E-01    0.751E-01    0.289E-01    0.289E-01    0.582E-02    0.582E-02    0.000E+00    0.000E+00
     3.793     0.190    0.639E+00    0.361E+00    0.775E+00    0.488E-01    0.701E-01    0.269E-01    0.269E-01    0.528E-02    0.528E-02    0.000E+00    0.000E+00
     3.793     0.200    0.641E+00    0.354E+00    0.721E+00    0.458E-01    0.653E-01    0.251E-01    0.251E-01    0.479E-02    0.479E-02    0.000E+00    0.000E+00
     3.793     0.210    0.642E+00    0.347E+00    0.671E+00    0.430E-01    0.607E-01    0.234E-01    0.234E-01    0.434E-02    0.434E-02    0.000E+00    0.000E+00
     3.793     0.220    0.642E+00    0.339E+00    0.624E+00    0.405E-01    0.564E-01    0.217E-01    0.217E-01    0.393E-02    0.393E-02    0.000E+00    0.000E+00
     3.793     0.230    0.641E+00    0.332E+00    0.579E+00    0.382E-01    0.523E-01    0.202E-01    0.202E-01    0.355E-02    0.355E-02    0.000E+00    0.000E+00
     3.793     0.240    0.638E+00    0.324E+00    0.537E+00    0.360E-01    0.484E-01    0.188E-01    0.188E-01    0.320E-02    0.320E-02    0.000E+00    0.000E+00
     3.793     0.250    0.634E+00    0.315E+00    0.497E+00    0.340E-01    0.448E-01    0.175E-01    0.175E-01    0.289E-02    0.289E-02    0.000E+00    0.000E+00
     3.793     0.260    0.630E+00    0.307E+00    0.459E+00    0.320E-01    0.414E-01    0.162E-01    0.162E-01    0.260E-02    0.260E-02    0.000E+00    0.000E+00
     3.793     0.270    0.624E+00    0.298E+00    0.424E+00    0.302E-01    0.382E-01    0.151E-01    0.151E-01    0.234E-02    0.234E-02    0.000E+00    0.000E+00
     3.793     0.280    0.618E+00    0.290E+00    0.391E+00    0.285E-01    0.352E-01    0.140E-01    0.140E-01    0.211E-02    0.211E-02    0.000E+00    0.000E+00
     3.793     0.290    0.610E+00    0.281E+00    0.360E+00    0.268E-01    0.325E-01    0.130E-01    0.130E-01    0.189E-02    0.189E-02    0.000E+00    0.000E+00
     3.793     0.300    0.602E+00    0.272E+00    0.331E+00    0.252E-01    0.299E-01    0.120E-01    0.120E-01    0.169E-02    0.169E-02    0.000E+00    0.000E+00
     3.793     0.310    0.593E+00    0.263E+00    0.304E+00    0.237E-01    0.276E-01    0.112E-01    0.112E-01    0.152E-02    0.152E-02    0.000E+00    0.000E+00
     3.793     0.320    0.583E+00    0.254E+00    0.279E+00    0.222E-01    0.254E-01    0.103E-01    0.103E-01    0.136E-02    0.136E-02    0.000E+00    0.000E+00
     3.793     0.330    0.573E+00    0.244E+00    0.255E+00    0.208E-01    0.233E-01    0.956E-02    0.956E-02    0.121E-02    0.121E-02    0.000E+00    0.000E+00
     3.793     0.340    0.562E+00    0.235E+00    0.233E+00    0.195E-01    0.215E-01    0.884E-02    0.884E-02    0.108E-02    0.108E-02    0.000E+00    0.000E+00
     3.793     0.350    0.550E+00    0.226E+00    0.213E+00    0.182E-01    0.198E-01    0.816E-02    0.816E-02    0.958E-03    0.958E-03    0.000E+00    0.000E+00
     3.793     0.360    0.538E+00    0.217E+00    0.194E+00    0.169E-01    0.182E-01    0.753E-02    0.753E-02    0.851E-03    0.851E-03    0.000E+00    0.000E+00
     3.793     0.370    0.525E+00    0.208E+00    0.176E+00    0.157E-01    0.167E-01    0.694E-02    0.694E-02    0.754E-03    0.754E-03    0.000E+00    0.000E+00
     3.793     0.380    0.512E+00    0.199E+00    0.160E+00    0.146E-01    0.153E-01    0.639E-02    0.639E-02    0.667E-03    0.667E-03    0.000E+00    0.000E+00
     3.793     0.390    0.498E+00    0.190E+00    0.145E+00    0.135E-01    0.141E-01    0.588E-02    0.588E-02    0.589E-03    0.589E-03    0.000E+00    0.000E+00
     3.793     0.400    0.484E+00    0.181E+00    0.131E+00    0.125E-01    0.129E-01    0.540E-02    0.540E-02    0.519E-03    0.519E-03    0.000E+00    0.000E+00
     3.793     0.410    0.470E+00    0.172E+00    0.119E+00    0.116E-01    0.119E-01    0.496E-02    0.496E-02    0.456E-03    0.456E-03    0.000E+00    0.000E+00
     3.793     0.420    0.456E+00    0.163E+00    0.107E+00    0.106E-01    0.109E-01    0.454E-02    0.454E-02    0.400E-03    0.400E-03    0.000E+00    0.000E+00
     3.793     0.430    0.441E+00    0.154E+00    0.961E-01    0.978E-02    0.995E-02    0.416E-02    0.416E-02    0.351E-03    0.351E-03    0.000E+00    0.000E+00
     3.793     0.440    0.426E+00    0.146E+00    0.863E-01    0.898E-02    0.910E-02    0.380E-02    0.380E-02    0.306E-03    0.306E-03    0.000E+00    0.000E+00
     3.793     0.450    0.411E+00    0.138E+00    0.773E-01    0.822E-02    0.831E-02    0.347E-02    0.347E-02    0.267E-03    0.267E-03    0.000E+00    0.000E+00
     3.793     0.460    0.396E+00    0.129E+00    0.691E-01    0.752E-02    0.758E-02    0.316E-02    0.316E-02    0.232E-03    0.232E-03    0.000E+00    0.000E+00
     3.793     0.470    0.381E+00    0.122E+00    0.616E-01    0.686E-02    0.690E-02    0.287E-02    0.287E-02    0.201E-03    0.201E-03    0.000E+00    0.000E+00
     3.793     0.480    0.366E+00    0.114E+00    0.548E-01    0.624E-02    0.627E-02    0.261E-02    0.261E-02    0.174E-03    0.174E-03    0.000E+00    0.000E+00
     3.793     0.490    0.351E+00    0.106E+00    0.486E-01    0.567E-02    0.569E-02    0.236E-02    0.236E-02    0.150E-03    0.150E-03    0.000E+00    0.000E+00
     3.793     0.500    0.336E+00    0.992E-01    0.431E-01    0.514E-02    0.515E-02    0.214E-02    0.214E-02    0.129E-03    0.129E-03    0.000E+00    0.000E+00
     3.793     0.510    0.322E+00    0.923E-01    0.380E-01    0.465E-02    0.466E-02    0.193E-02    0.193E-02    0.111E-03    0.111E-03    0.000E+00    0.000E+00
     3.793     0.520    0.307E+00    0.856E-01    0.335E-01    0.419E-02    0.420E-02    0.174E-02    0.174E-02    0.949E-04    0.949E-04    0.000E+00    0.000E+00
     3.793     0.530    0.292E+00    0.792E-01    0.294E-01    0.377E-02    0.378E-02    0.156E-02    0.156E-02    0.809E-04    0.809E-04    0.000E+00    0.000E+00
     3.793     0.540    0.278E+00    0.731E-01    0.258E-01    0.338E-02    0.339E-02    0.140E-02    0.140E-02    0.687E-04    0.687E-04    0.000E+00    0.000E+00
     3.793     0.550    0.264E+00    0.672E-01    0.225E-01    0.303E-02    0.303E-02    0.125E-02    0.125E-02    0.582E-04    0.582E-04    0.000E+00    0.000E+00
     3.793     0.560    0.250E+00    0.617E-01    0.196E-01    0.270E-02    0.270E-02    0.111E-02    0.111E-02    0.491E-04    0.491E-04    0.000E+00    0.000E+00
     3.793     0.570    0.236E+00    0.564E-01    0.170E-01    0.240E-02    0.240E-02    0.985E-03    0.985E-03    0.413E-04    0.413E-04    0.000E+00    0.000E+00
     3.793     0.580    0.223E+00    0.514E-01    0.147E-01    0.213E-02    0.213E-02    0.871E-03    0.871E-03    0.346E-04    0.346E-04    0.000E+00    0.000E+00
     3.793     0.590    0.210E+00    0.467E-01    0.127E-01    0.188E-02    0.188E-02    0.768E-03    0.768E-03    0.289E-04    0.289E-04    0.000E+00    0.000E+00
     3.793     0.600    0.197E+00    0.423E-01    0.109E-01    0.165E-02    0.165E-02    0.674E-03    0.674E-03    0.240E-04    0.240E-04    0.000E+00    0.000E+00
     3.793     0.610    0.185E+00    0.382E-01    0.935E-02    0.144E-02    0.144E-02    0.589E-03    0.589E-03    0.198E-04    0.198E-04    0.000E+00    0.000E+00
     3.793     0.620    0.173E+00    0.343E-01    0.797E-02    0.126E-02    0.126E-02    0.512E-03    0.512E-03    0.163E-04    0.163E-04    0.000E+00    0.000E+00
     3.793     0.630    0.161E+00    0.307E-01    0.678E-02    0.109E-02    0.109E-02    0.443E-03    0.443E-03    0.134E-04    0.134E-04    0.000E+00    0.000E+00
     3.793     0.640    0.150E+00    0.274E-01    0.573E-02    0.936E-03    0.936E-03    0.381E-03    0.381E-03    0.109E-04    0.109E-04    0.000E+00    0.000E+00
     3.793     0.650    0.139E+00    0.243E-01    0.483E-02    0.800E-03    0.800E-03    0.325E-03    0.325E-03    0.886E-05    0.886E-05    0.000E+00    0.000E+00
     3.793     0.660    0.129E+00    0.215E-01    0.405E-02    0.679E-03    0.679E-03    0.276E-03    0.276E-03    0.714E-05    0.714E-05    0.000E+00    0.000E+00
     3.793     0.670    0.119E+00    0.189E-01    0.338E-02    0.571E-03    0.571E-03    0.232E-03    0.232E-03    0.573E-05    0.573E-05    0.000E+00    0.000E+00
     3.793     0.680    0.109E+00    0.166E-01    0.281E-02    0.476E-03    0.476E-03    0.193E-03    0.193E-03    0.457E-05    0.457E-05    0.000E+00    0.000E+00
     3.793     0.690    0.100E+00    0.144E-01    0.232E-02    0.393E-03    0.393E-03    0.159E-03    0.159E-03    0.361E-05    0.361E-05    0.000E+00    0.000E+00
     3.793     0.700    0.913E-01    0.125E-01    0.191E-02    0.320E-03    0.320E-03    0.130E-03    0.130E-03    0.284E-05    0.284E-05    0.000E+00    0.000E+00
     3.793     0.710    0.830E-01    0.107E-01    0.156E-02    0.256E-03    0.256E-03    0.104E-03    0.104E-03    0.222E-05    0.222E-05    0.000E+00    0.000E+00
     3.793     0.720    0.752E-01    0.919E-02    0.127E-02    0.201E-03    0.201E-03    0.816E-04    0.816E-04    0.172E-05    0.172E-05    0.000E+00    0.000E+00
     3.793     0.730    0.678E-01    0.781E-02    0.102E-02    0.154E-03    0.154E-03    0.626E-04    0.626E-04    0.132E-05    0.132E-05    0.000E+00    0.000E+00
     3.793     0.740    0.609E-01    0.659E-02    0.821E-03    0.115E-03    0.115E-03    0.465E-04    0.465E-04    0.101E-05    0.101E-05    0.000E+00    0.000E+00
     3.793     0.750    0.544E-01    0.551E-02    0.653E-03    0.816E-04    0.816E-04    0.331E-04    0.331E-04    0.759E-06    0.759E-06    0.000E+00    0.000E+00
     3.793     0.760    0.483E-01    0.458E-02    0.516E-03    0.542E-04    0.542E-04    0.220E-04    0.220E-04    0.567E-06    0.567E-06    0.000E+00    0.000E+00
     3.793     0.770    0.426E-01    0.377E-02    0.405E-03    0.316E-04    0.316E-04    0.129E-04    0.129E-04    0.420E-06    0.420E-06    0.000E+00    0.000E+00
     3.793     0.780    0.374E-01    0.307E-02    0.314E-03    0.132E-04    0.132E-04    0.541E-05    0.541E-05    0.306E-06    0.306E-06    0.000E+00    0.000E+00
     3.793     0.790    0.326E-01    0.247E-02    0.243E-03    0.919E-06    0.919E-06    0.408E-06    0.408E-06    0.222E-06    0.222E-06    0.000E+00    0.000E+00
     3.793     0.800    0.282E-01    0.198E-02    0.185E-03    0.000E+00    0.000E+00    0.000E+00    0.000E+00    0.158E-06    0.158E-06    0.000E+00    0.000E+00
     3.793     0.810    0.242E-01    0.157E-02    0.140E-03    0.000E+00    0.000E+00    0.000E+00    0.000E+00    0.111E-06    0.111E-06    0.000E+00    0.000E+00
     3.793     0.820    0.206E-01    0.123E-02    0.104E-03    0.000E+00    0.000E+00    0.000E+00    0.000E+00    0.767E-07    0.767E-07    0.000E+00    0.000E+00
     3.793     0.830    0.173E-01    0.946E-03    0.766E-04    0.000E+00    0.000E+00    0.000E+00    0.000E+00    0.522E-07    0.522E-07    0.000E+00    0.000E+00
     3.793     0.840    0.144E-01    0.718E-03    0.557E-04    0.000E+00    0.000E+00    0.000E+00    0.000E+00    0.349E-07    0.349E-07    0.000E+00    0.000E+00
     3.793     0.850    0.118E-01    0.536E-03    0.397E-04    0.000E+00    0.000E+00    0.000E+00    0.000E+00    0.227E-07    0.227E-07    0.000E+00    0.000E+00
     3.793     0.860    0.958E-02    0.393E-03    0.280E-04    0.000E+00    0.000E+00    0.000E+00    0.000E+00    0.147E-07    0.147E-07    0.000E+00    0.000E+00
     3.793     0.870    0.762E-02    0.281E-03    0.192E-04    0.000E+00    0.000E+00    0.000E+00    0.000E+00    0.896E-08    0.896E-08    0.000E+00    0.000E+00
     3.793     0.880    0.595E-02    0.197E-03    0.129E-04    0.000E+00    0.000E+00    0.000E+00    0.000E+00    0.546E-08    0.546E-08    0.000E+00    0.000E+00
     3.793     0.890    0.454E-02    0.134E-03    0.843E-05    0.000E+00    0.000E+00    0.000E+00    0.000E+00    0.313E-08    0.313E-08    0.000E+00    0.000E+00
     3.793     0.900    0.337E-02    0.886E-04    0.532E-05    0.000E+00    0.000E+00    0.000E+00    0.000E+00    0.173E-08    0.173E-08    0.000E+00    0.000E+00
     3.793     0.910    0.242E-02    0.565E-04    0.324E-05    0.000E+00    0.000E+00    0.000E+00    0.000E+00    0.926E-09    0.926E-09    0.000E+00    0.000E+00
     3.793     0.920    0.167E-02    0.342E-04    0.184E-05    0.000E+00    0.000E+00    0.000E+00    0.000E+00    0.434E-09    0.434E-09    0.000E+00    0.000E+00
     3.793     0.930    0.110E-02    0.201E-04    0.102E-05    0.000E+00    0.000E+00    0.000E+00    0.000E+00    0.218E-09    0.218E-09    0.000E+00    0.000E+00
     3.793     0.940    0.670E-03    0.106E-04    0.479E-06    0.000E+00    0.000E+00    0.000E+00    0.000E+00    0.764E-10    0.764E-10    0.000E+00    0.000E+00
     3.793     0.950    0.371E-03    0.527E-05    0.211E-06    0.000E+00    0.000E+00    0.000E+00    0.000E+00    0.317E-10    0.317E-10    0.000E+00    0.000E+00
     3.793     0.960    0.165E-03    0.204E-05    0.656E-07    0.241E-07    0.241E-07    0.962E-08    0.962E-08    0.893E-11    0.893E-11    0.000E+00    0.000E+00
     3.793     0.970    0.373E-04    0.353E-06    0.527E-08    0.578E-07    0.578E-07    0.231E-07    0.231E-07    0.000E+00    0.000E+00    0.000E+00    0.000E+00
     3.793     0.980    0.000E+00    0.000E+00    0.450E-08    0.767E-07    0.767E-07    0.307E-07    0.307E-07    0.273E-11    0.273E-11    0.000E+00    0.000E+00
     3.793     0.990    0.000E+00    0.000E+00    0.184E-07    0.635E-07    0.635E-07    0.254E-07    0.254E-07    0.696E-11    0.696E-11    0.000E+00    0.000E+00

