     Q**2          x         u           d           g          ub          db          sb          s          cb          c          bb          b
     3.793     0.010    0.415E+00    0.381E+00    0.346E+01    0.259E+00    0.280E+00    0.131E+00    0.131E+00    0.388E-01    0.388E-01    0.000E+00    0.000E+00
     3.793     0.020    0.428E+00    0.387E+00    0.281E+01    0.216E+00    0.235E+00    0.109E+00    0.109E+00    0.314E-01    0.314E-01    0.000E+00    0.000E+00
     3.793     0.030    0.448E+00    0.393E+00    0.244E+01    0.190E+00    0.206E+00    0.952E-01    0.952E-01    0.268E-01    0.268E-01    0.000E+00    0.000E+00
     3.793     0.040    0.470E+00    0.397E+00    0.222E+01    0.173E+00    0.185E+00    0.858E-01    0.858E-01    0.236E-01    0.236E-01    0.000E+00    0.000E+00
     3.793     0.050    0.490E+00    0.400E+00    0.203E+01    0.157E+00    0.169E+00    0.778E-01    0.778E-01    0.210E-01    0.210E-01    0.000E+00    0.000E+00
     3.793     0.060    0.509E+00    0.403E+00    0.188E+01    0.143E+00    0.157E+00    0.712E-01    0.712E-01    0.188E-01    0.188E-01    0.000E+00    0.000E+00
     3.793     0.070    0.526E+00    0.404E+00    0.175E+01    0.130E+00    0.147E+00    0.655E-01    0.655E-01    0.169E-01    0.169E-01    0.000E+00    0.000E+00
     3.793     0.080    0.541E+00    0.405E+00    0.163E+01    0.118E+00    0.138E+00    0.604E-01    0.604E-01    0.153E-01    0.153E-01    0.000E+00    0.000E+00
     3.793     0.090    0.556E+00    0.404E+00    0.152E+01    0.108E+00    0.130E+00    0.559E-01    0.559E-01    0.139E-01    0.139E-01    0.000E+00    0.000E+00
     3.793     0.100    0.569E+00    0.403E+00    0.142E+01    0.980E-01    0.123E+00    0.517E-01    0.517E-01    0.126E-01    0.126E-01    0.000E+00    0.000E+00
     3.793     0.110    0.581E+00    0.401E+00    0.133E+01    0.895E-01    0.116E+00    0.480E-01    0.480E-01    0.114E-01    0.114E-01    0.000E+00    0.000E+00
     3.793     0.120    0.592E+00    0.399E+00    0.125E+01    0.818E-01    0.110E+00    0.446E-01    0.446E-01    0.104E-01    0.104E-01    0.000E+00    0.000E+00
     3.793     0.130    0.602E+00    0.395E+00    0.117E+01    0.751E-01    0.104E+00    0.414E-01    0.414E-01    0.942E-02    0.942E-02    0.000E+00    0.000E+00
     3.793     0.140    0.611E+00    0.391E+00    0.109E+01    0.692E-01    0.977E-01    0.385E-01    0.385E-01    0.856E-02    0.856E-02    0.000E+00    0.000E+00
     3.793     0.150    0.619E+00    0.386E+00    0.102E+01    0.639E-01    0.919E-01    0.358E-01    0.358E-01    0.778E-02    0.778E-02    0.000E+00    0.000E+00
     3.793     0.160    0.626E+00    0.381E+00    0.955E+00    0.593E-01    0.862E-01    0.333E-01    0.333E-01    0.706E-02    0.706E-02    0.000E+00    0.000E+00
     3.793     0.170    0.632E+00    0.375E+00    0.891E+00    0.552E-01    0.807E-01    0.310E-01    0.310E-01    0.642E-02    0.642E-02    0.000E+00    0.000E+00
     3.793     0.180    0.636E+00    0.369E+00    0.832E+00    0.515E-01    0.754E-01    0.289E-01    0.289E-01    0.582E-02    0.582E-02    0.000E+00    0.000E+00
     3.793     0.190    0.639E+00    0.362E+00    0.775E+00    0.482E-01    0.703E-01    0.269E-01    0.269E-01    0.528E-02    0.528E-02    0.000E+00    0.000E+00
     3.793     0.200    0.641E+00    0.355E+00    0.722E+00    0.452E-01    0.654E-01    0.250E-01    0.250E-01    0.478E-02    0.478E-02    0.000E+00    0.000E+00
     3.793     0.210    0.642E+00    0.348E+00    0.671E+00    0.424E-01    0.608E-01    0.232E-01    0.232E-01    0.433E-02    0.433E-02    0.000E+00    0.000E+00
     3.793     0.220    0.642E+00    0.341E+00    0.624E+00    0.399E-01    0.564E-01    0.216E-01    0.216E-01    0.392E-02    0.392E-02    0.000E+00    0.000E+00
     3.793     0.230    0.641E+00    0.333E+00    0.579E+00    0.376E-01    0.522E-01    0.201E-01    0.201E-01    0.354E-02    0.354E-02    0.000E+00    0.000E+00
     3.793     0.240    0.638E+00    0.325E+00    0.536E+00    0.355E-01    0.483E-01    0.187E-01    0.187E-01    0.320E-02    0.320E-02    0.000E+00    0.000E+00
     3.793     0.250    0.635E+00    0.316E+00    0.496E+00    0.335E-01    0.446E-01    0.173E-01    0.173E-01    0.288E-02    0.288E-02    0.000E+00    0.000E+00
     3.793     0.260    0.630E+00    0.308E+00    0.459E+00    0.316E-01    0.411E-01    0.161E-01    0.161E-01    0.260E-02    0.260E-02    0.000E+00    0.000E+00
     3.793     0.270    0.625E+00    0.299E+00    0.424E+00    0.298E-01    0.379E-01    0.149E-01    0.149E-01    0.234E-02    0.234E-02    0.000E+00    0.000E+00
     3.793     0.280    0.618E+00    0.291E+00    0.390E+00    0.280E-01    0.349E-01    0.138E-01    0.138E-01    0.210E-02    0.210E-02    0.000E+00    0.000E+00
     3.793     0.290    0.611E+00    0.282E+00    0.359E+00    0.264E-01    0.321E-01    0.128E-01    0.128E-01    0.188E-02    0.188E-02    0.000E+00    0.000E+00
     3.793     0.300    0.602E+00    0.273E+00    0.330E+00    0.248E-01    0.296E-01    0.119E-01    0.119E-01    0.169E-02    0.169E-02    0.000E+00    0.000E+00
     3.793     0.310    0.593E+00    0.264E+00    0.303E+00    0.233E-01    0.272E-01    0.110E-01    0.110E-01    0.151E-02    0.151E-02    0.000E+00    0.000E+00
     3.793     0.320    0.584E+00    0.255E+00    0.278E+00    0.218E-01    0.250E-01    0.102E-01    0.102E-01    0.135E-02    0.135E-02    0.000E+00    0.000E+00
     3.793     0.330    0.573E+00    0.245E+00    0.254E+00    0.204E-01    0.230E-01    0.940E-02    0.940E-02    0.120E-02    0.120E-02    0.000E+00    0.000E+00
     3.793     0.340    0.562E+00    0.236E+00    0.232E+00    0.191E-01    0.211E-01    0.867E-02    0.867E-02    0.107E-02    0.107E-02    0.000E+00    0.000E+00
     3.793     0.350    0.550E+00    0.227E+00    0.212E+00    0.178E-01    0.194E-01    0.800E-02    0.800E-02    0.952E-03    0.952E-03    0.000E+00    0.000E+00
     3.793     0.360    0.538E+00    0.218E+00    0.193E+00    0.165E-01    0.178E-01    0.737E-02    0.737E-02    0.845E-03    0.845E-03    0.000E+00    0.000E+00
     3.793     0.370    0.525E+00    0.209E+00    0.176E+00    0.153E-01    0.163E-01    0.678E-02    0.678E-02    0.748E-03    0.748E-03    0.000E+00    0.000E+00
     3.793     0.380    0.512E+00    0.199E+00    0.159E+00    0.142E-01    0.150E-01    0.623E-02    0.623E-02    0.662E-03    0.662E-03    0.000E+00    0.000E+00
     3.793     0.390    0.498E+00    0.190E+00    0.144E+00    0.132E-01    0.137E-01    0.572E-02    0.572E-02    0.584E-03    0.584E-03    0.000E+00    0.000E+00
     3.793     0.400    0.485E+00    0.181E+00    0.131E+00    0.121E-01    0.126E-01    0.525E-02    0.525E-02    0.514E-03    0.514E-03    0.000E+00    0.000E+00
     3.793     0.410    0.470E+00    0.172E+00    0.118E+00    0.112E-01    0.115E-01    0.481E-02    0.481E-02    0.452E-03    0.452E-03    0.000E+00    0.000E+00
     3.793     0.420    0.456E+00    0.164E+00    0.106E+00    0.103E-01    0.105E-01    0.440E-02    0.440E-02    0.396E-03    0.396E-03    0.000E+00    0.000E+00
     3.793     0.430    0.441E+00    0.155E+00    0.954E-01    0.944E-02    0.960E-02    0.402E-02    0.402E-02    0.347E-03    0.347E-03    0.000E+00    0.000E+00
     3.793     0.440    0.427E+00    0.146E+00    0.856E-01    0.864E-02    0.876E-02    0.366E-02    0.366E-02    0.303E-03    0.303E-03    0.000E+00    0.000E+00
     3.793     0.450    0.412E+00    0.138E+00    0.767E-01    0.790E-02    0.798E-02    0.333E-02    0.333E-02    0.264E-03    0.264E-03    0.000E+00    0.000E+00
     3.793     0.460    0.397E+00    0.130E+00    0.685E-01    0.720E-02    0.726E-02    0.303E-02    0.303E-02    0.229E-03    0.229E-03    0.000E+00    0.000E+00
     3.793     0.470    0.382E+00    0.122E+00    0.610E-01    0.655E-02    0.659E-02    0.275E-02    0.275E-02    0.199E-03    0.199E-03    0.000E+00    0.000E+00
     3.793     0.480    0.367E+00    0.114E+00    0.543E-01    0.595E-02    0.598E-02    0.249E-02    0.249E-02    0.172E-03    0.172E-03    0.000E+00    0.000E+00
     3.793     0.490    0.352E+00    0.107E+00    0.481E-01    0.539E-02    0.541E-02    0.225E-02    0.225E-02    0.148E-03    0.148E-03    0.000E+00    0.000E+00
     3.793     0.500    0.337E+00    0.996E-01    0.426E-01    0.487E-02    0.488E-02    0.203E-02    0.203E-02    0.128E-03    0.128E-03    0.000E+00    0.000E+00
     3.793     0.510    0.322E+00    0.927E-01    0.376E-01    0.439E-02    0.440E-02    0.182E-02    0.182E-02    0.109E-03    0.109E-03    0.000E+00    0.000E+00
     3.793     0.520    0.307E+00    0.860E-01    0.331E-01    0.394E-02    0.395E-02    0.163E-02    0.163E-02    0.934E-04    0.934E-04    0.000E+00    0.000E+00
     3.793     0.530    0.293E+00    0.795E-01    0.291E-01    0.353E-02    0.354E-02    0.146E-02    0.146E-02    0.796E-04    0.796E-04    0.000E+00    0.000E+00
     3.793     0.540    0.278E+00    0.734E-01    0.255E-01    0.316E-02    0.316E-02    0.130E-02    0.130E-02    0.676E-04    0.676E-04    0.000E+00    0.000E+00
     3.793     0.550    0.264E+00    0.675E-01    0.222E-01    0.281E-02    0.281E-02    0.116E-02    0.116E-02    0.572E-04    0.572E-04    0.000E+00    0.000E+00
     3.793     0.560    0.250E+00    0.619E-01    0.193E-01    0.250E-02    0.250E-02    0.103E-02    0.103E-02    0.483E-04    0.483E-04    0.000E+00    0.000E+00
     3.793     0.570    0.237E+00    0.567E-01    0.168E-01    0.221E-02    0.221E-02    0.908E-03    0.908E-03    0.406E-04    0.406E-04    0.000E+00    0.000E+00
     3.793     0.580    0.223E+00    0.517E-01    0.145E-01    0.195E-02    0.195E-02    0.798E-03    0.798E-03    0.340E-04    0.340E-04    0.000E+00    0.000E+00
     3.793     0.590    0.210E+00    0.469E-01    0.125E-01    0.171E-02    0.171E-02    0.699E-03    0.699E-03    0.283E-04    0.283E-04    0.000E+00    0.000E+00
     3.793     0.600    0.197E+00    0.425E-01    0.107E-01    0.149E-02    0.149E-02    0.609E-03    0.609E-03    0.235E-04    0.235E-04    0.000E+00    0.000E+00
     3.793     0.610    0.185E+00    0.384E-01    0.920E-02    0.129E-02    0.129E-02    0.529E-03    0.529E-03    0.194E-04    0.194E-04    0.000E+00    0.000E+00
     3.793     0.620    0.173E+00    0.345E-01    0.784E-02    0.112E-02    0.112E-02    0.456E-03    0.456E-03    0.160E-04    0.160E-04    0.000E+00    0.000E+00
     3.793     0.630    0.161E+00    0.309E-01    0.666E-02    0.956E-03    0.956E-03    0.390E-03    0.390E-03    0.131E-04    0.131E-04    0.000E+00    0.000E+00
     3.793     0.640    0.150E+00    0.275E-01    0.563E-02    0.814E-03    0.814E-03    0.332E-03    0.332E-03    0.107E-04    0.107E-04    0.000E+00    0.000E+00
     3.793     0.650    0.139E+00    0.245E-01    0.474E-02    0.687E-03    0.687E-03    0.280E-03    0.280E-03    0.865E-05    0.865E-05    0.000E+00    0.000E+00
     3.793     0.660    0.129E+00    0.216E-01    0.398E-02    0.575E-03    0.575E-03    0.234E-03    0.234E-03    0.697E-05    0.697E-05    0.000E+00    0.000E+00
     3.793     0.670    0.119E+00    0.190E-01    0.332E-02    0.476E-03    0.476E-03    0.194E-03    0.194E-03    0.559E-05    0.559E-05    0.000E+00    0.000E+00
     3.793     0.680    0.109E+00    0.167E-01    0.276E-02    0.388E-03    0.388E-03    0.158E-03    0.158E-03    0.445E-05    0.445E-05    0.000E+00    0.000E+00
     3.793     0.690    0.100E+00    0.145E-01    0.228E-02    0.312E-03    0.312E-03    0.127E-03    0.127E-03    0.352E-05    0.352E-05    0.000E+00    0.000E+00
     3.793     0.700    0.914E-01    0.126E-01    0.187E-02    0.246E-03    0.246E-03    0.100E-03    0.100E-03    0.277E-05    0.277E-05    0.000E+00    0.000E+00
     3.793     0.710    0.831E-01    0.108E-01    0.153E-02    0.190E-03    0.190E-03    0.771E-04    0.771E-04    0.216E-05    0.216E-05    0.000E+00    0.000E+00
     3.793     0.720    0.753E-01    0.924E-02    0.124E-02    0.141E-03    0.141E-03    0.575E-04    0.575E-04    0.167E-05    0.167E-05    0.000E+00    0.000E+00
     3.793     0.730    0.679E-01    0.785E-02    0.100E-02    0.100E-03    0.100E-03    0.409E-04    0.409E-04    0.128E-05    0.128E-05    0.000E+00    0.000E+00
     3.793     0.740    0.609E-01    0.662E-02    0.803E-03    0.664E-04    0.664E-04    0.272E-04    0.272E-04    0.978E-06    0.978E-06    0.000E+00    0.000E+00
     3.793     0.750    0.544E-01    0.554E-02    0.639E-03    0.375E-04    0.375E-04    0.155E-04    0.155E-04    0.738E-06    0.738E-06    0.000E+00    0.000E+00
     3.793     0.760    0.483E-01    0.460E-02    0.505E-03    0.146E-04    0.146E-04    0.619E-05    0.619E-05    0.551E-06    0.551E-06    0.000E+00    0.000E+00
     3.793     0.770    0.427E-01    0.378E-02    0.396E-03    0.126E-05    0.126E-05    0.732E-06    0.732E-06    0.408E-06    0.408E-06    0.000E+00    0.000E+00
     3.793     0.780    0.375E-01    0.307E-02    0.308E-03    0.000E+00    0.000E+00    0.000E+00    0.000E+00    0.298E-06    0.298E-06    0.000E+00    0.000E+00
     3.793     0.790    0.326E-01    0.248E-02    0.238E-03    0.000E+00    0.000E+00    0.000E+00    0.000E+00    0.216E-06    0.216E-06    0.000E+00    0.000E+00
     3.793     0.800    0.283E-01    0.199E-02    0.181E-03    0.000E+00    0.000E+00    0.000E+00    0.000E+00    0.153E-06    0.153E-06    0.000E+00    0.000E+00
     3.793     0.810    0.243E-01    0.158E-02    0.137E-03    0.000E+00    0.000E+00    0.000E+00    0.000E+00    0.108E-06    0.108E-06    0.000E+00    0.000E+00
     3.793     0.820    0.206E-01    0.124E-02    0.102E-03    0.000E+00    0.000E+00    0.000E+00    0.000E+00    0.746E-07    0.746E-07    0.000E+00    0.000E+00
     3.793     0.830    0.174E-01    0.953E-03    0.752E-04    0.000E+00    0.000E+00    0.000E+00    0.000E+00    0.507E-07    0.507E-07    0.000E+00    0.000E+00
     3.793     0.840    0.144E-01    0.721E-03    0.547E-04    0.000E+00    0.000E+00    0.000E+00    0.000E+00    0.340E-07    0.340E-07    0.000E+00    0.000E+00
     3.793     0.850    0.119E-01    0.537E-03    0.390E-04    0.000E+00    0.000E+00    0.000E+00    0.000E+00    0.221E-07    0.221E-07    0.000E+00    0.000E+00
     3.793     0.860    0.960E-02    0.392E-03    0.276E-04    0.000E+00    0.000E+00    0.000E+00    0.000E+00    0.143E-07    0.143E-07    0.000E+00    0.000E+00
     3.793     0.870    0.764E-02    0.279E-03    0.189E-04    0.000E+00    0.000E+00    0.000E+00    0.000E+00    0.875E-08    0.875E-08    0.000E+00    0.000E+00
     3.793     0.880    0.596E-02    0.194E-03    0.128E-04    0.000E+00    0.000E+00    0.000E+00    0.000E+00    0.534E-08    0.534E-08    0.000E+00    0.000E+00
     3.793     0.890    0.455E-02    0.131E-03    0.832E-05    0.000E+00    0.000E+00    0.000E+00    0.000E+00    0.307E-08    0.307E-08    0.000E+00    0.000E+00
     3.793     0.900    0.338E-02    0.857E-04    0.526E-05    0.000E+00    0.000E+00    0.000E+00    0.000E+00    0.170E-08    0.170E-08    0.000E+00    0.000E+00
     3.793     0.910    0.243E-02    0.539E-04    0.321E-05    0.000E+00    0.000E+00    0.000E+00    0.000E+00    0.913E-09    0.913E-09    0.000E+00    0.000E+00
     3.793     0.920    0.167E-02    0.321E-04    0.183E-05    0.000E+00    0.000E+00    0.000E+00    0.000E+00    0.429E-09    0.429E-09    0.000E+00    0.000E+00
     3.793     0.930    0.110E-02    0.185E-04    0.101E-05    0.000E+00    0.000E+00    0.000E+00    0.000E+00    0.216E-09    0.216E-09    0.000E+00    0.000E+00
     3.793     0.940    0.672E-03    0.946E-05    0.476E-06    0.000E+00    0.000E+00    0.000E+00    0.000E+00    0.761E-10    0.761E-10    0.000E+00    0.000E+00
     3.793     0.950    0.372E-03    0.458E-05    0.210E-06    0.000E+00    0.000E+00    0.000E+00    0.000E+00    0.316E-10    0.316E-10    0.000E+00    0.000E+00
     3.793     0.960    0.165E-03    0.169E-05    0.655E-07    0.256E-07    0.256E-07    0.102E-07    0.102E-07    0.884E-11    0.884E-11    0.000E+00    0.000E+00
     3.793     0.970    0.373E-04    0.263E-06    0.535E-08    0.615E-07    0.615E-07    0.246E-07    0.246E-07    0.000E+00    0.000E+00    0.000E+00    0.000E+00
     3.793     0.980    0.000E+00    0.000E+00    0.436E-08    0.816E-07    0.816E-07    0.326E-07    0.326E-07    0.270E-11    0.270E-11    0.000E+00    0.000E+00
     3.793     0.990    0.000E+00    0.739E-07    0.180E-07    0.675E-07    0.675E-07    0.270E-07    0.270E-07    0.689E-11    0.689E-11    0.000E+00    0.000E+00

