     Q**2          x         u           d           g          ub          db          sb          s          cb          c          bb          b
     1.025     0.010    0.341E+00    0.312E+00    0.605E+00    0.208E+00    0.229E+00    0.721E-01    0.721E-01    0.000E+00    0.000E+00    0.000E+00    0.000E+00
     1.025     0.020    0.358E+00    0.329E+00    0.949E+00    0.176E+00    0.197E+00    0.616E-01    0.616E-01    0.000E+00    0.000E+00    0.000E+00    0.000E+00
     1.025     0.030    0.382E+00    0.344E+00    0.113E+01    0.159E+00    0.175E+00    0.554E-01    0.554E-01    0.000E+00    0.000E+00    0.000E+00    0.000E+00
     1.025     0.040    0.407E+00    0.357E+00    0.123E+01    0.148E+00    0.160E+00    0.512E-01    0.512E-01    0.000E+00    0.000E+00    0.000E+00    0.000E+00
     1.025     0.050    0.432E+00    0.368E+00    0.129E+01    0.138E+00    0.148E+00    0.477E-01    0.477E-01    0.000E+00    0.000E+00    0.000E+00    0.000E+00
     1.025     0.060    0.455E+00    0.377E+00    0.133E+01    0.128E+00    0.139E+00    0.448E-01    0.448E-01    0.000E+00    0.000E+00    0.000E+00    0.000E+00
     1.025     0.070    0.477E+00    0.385E+00    0.135E+01    0.119E+00    0.132E+00    0.423E-01    0.423E-01    0.000E+00    0.000E+00    0.000E+00    0.000E+00
     1.025     0.080    0.498E+00    0.392E+00    0.136E+01    0.109E+00    0.126E+00    0.400E-01    0.400E-01    0.000E+00    0.000E+00    0.000E+00    0.000E+00
     1.025     0.090    0.518E+00    0.398E+00    0.136E+01    0.101E+00    0.121E+00    0.379E-01    0.379E-01    0.000E+00    0.000E+00    0.000E+00    0.000E+00
     1.025     0.100    0.537E+00    0.402E+00    0.135E+01    0.927E-01    0.117E+00    0.360E-01    0.360E-01    0.000E+00    0.000E+00    0.000E+00    0.000E+00
     1.025     0.110    0.555E+00    0.406E+00    0.133E+01    0.854E-01    0.113E+00    0.342E-01    0.342E-01    0.000E+00    0.000E+00    0.000E+00    0.000E+00
     1.025     0.120    0.572E+00    0.408E+00    0.130E+01    0.787E-01    0.109E+00    0.325E-01    0.325E-01    0.000E+00    0.000E+00    0.000E+00    0.000E+00
     1.025     0.130    0.589E+00    0.410E+00    0.127E+01    0.728E-01    0.105E+00    0.309E-01    0.309E-01    0.000E+00    0.000E+00    0.000E+00    0.000E+00
     1.025     0.140    0.604E+00    0.410E+00    0.124E+01    0.676E-01    0.101E+00    0.294E-01    0.294E-01    0.000E+00    0.000E+00    0.000E+00    0.000E+00
     1.025     0.150    0.619E+00    0.410E+00    0.120E+01    0.629E-01    0.963E-01    0.280E-01    0.280E-01    0.000E+00    0.000E+00    0.000E+00    0.000E+00
     1.025     0.160    0.633E+00    0.408E+00    0.116E+01    0.588E-01    0.919E-01    0.266E-01    0.266E-01    0.000E+00    0.000E+00    0.000E+00    0.000E+00
     1.025     0.170    0.646E+00    0.406E+00    0.112E+01    0.553E-01    0.875E-01    0.253E-01    0.253E-01    0.000E+00    0.000E+00    0.000E+00    0.000E+00
     1.025     0.180    0.658E+00    0.404E+00    0.108E+01    0.521E-01    0.830E-01    0.241E-01    0.241E-01    0.000E+00    0.000E+00    0.000E+00    0.000E+00
     1.025     0.190    0.669E+00    0.400E+00    0.103E+01    0.493E-01    0.786E-01    0.229E-01    0.229E-01    0.000E+00    0.000E+00    0.000E+00    0.000E+00
     1.025     0.200    0.678E+00    0.396E+00    0.988E+00    0.468E-01    0.742E-01    0.217E-01    0.217E-01    0.000E+00    0.000E+00    0.000E+00    0.000E+00
     1.025     0.210    0.686E+00    0.392E+00    0.943E+00    0.445E-01    0.698E-01    0.206E-01    0.206E-01    0.000E+00    0.000E+00    0.000E+00    0.000E+00
     1.025     0.220    0.693E+00    0.387E+00    0.899E+00    0.425E-01    0.656E-01    0.196E-01    0.196E-01    0.000E+00    0.000E+00    0.000E+00    0.000E+00
     1.025     0.230    0.699E+00    0.382E+00    0.854E+00    0.406E-01    0.615E-01    0.185E-01    0.185E-01    0.000E+00    0.000E+00    0.000E+00    0.000E+00
     1.025     0.240    0.704E+00    0.376E+00    0.810E+00    0.388E-01    0.575E-01    0.176E-01    0.176E-01    0.000E+00    0.000E+00    0.000E+00    0.000E+00
     1.025     0.250    0.707E+00    0.370E+00    0.766E+00    0.371E-01    0.537E-01    0.166E-01    0.166E-01    0.000E+00    0.000E+00    0.000E+00    0.000E+00
     1.025     0.260    0.709E+00    0.363E+00    0.723E+00    0.355E-01    0.500E-01    0.157E-01    0.157E-01    0.000E+00    0.000E+00    0.000E+00    0.000E+00
     1.025     0.270    0.709E+00    0.357E+00    0.681E+00    0.340E-01    0.466E-01    0.149E-01    0.149E-01    0.000E+00    0.000E+00    0.000E+00    0.000E+00
     1.025     0.280    0.709E+00    0.349E+00    0.641E+00    0.325E-01    0.433E-01    0.140E-01    0.140E-01    0.000E+00    0.000E+00    0.000E+00    0.000E+00
     1.025     0.290    0.707E+00    0.342E+00    0.601E+00    0.310E-01    0.402E-01    0.132E-01    0.132E-01    0.000E+00    0.000E+00    0.000E+00    0.000E+00
     1.025     0.300    0.704E+00    0.334E+00    0.563E+00    0.296E-01    0.373E-01    0.125E-01    0.125E-01    0.000E+00    0.000E+00    0.000E+00    0.000E+00
     1.025     0.310    0.700E+00    0.326E+00    0.526E+00    0.282E-01    0.346E-01    0.117E-01    0.117E-01    0.000E+00    0.000E+00    0.000E+00    0.000E+00
     1.025     0.320    0.695E+00    0.318E+00    0.491E+00    0.268E-01    0.320E-01    0.110E-01    0.110E-01    0.000E+00    0.000E+00    0.000E+00    0.000E+00
     1.025     0.330    0.688E+00    0.309E+00    0.457E+00    0.253E-01    0.296E-01    0.103E-01    0.103E-01    0.000E+00    0.000E+00    0.000E+00    0.000E+00
     1.025     0.340    0.681E+00    0.301E+00    0.424E+00    0.240E-01    0.274E-01    0.968E-02    0.968E-02    0.000E+00    0.000E+00    0.000E+00    0.000E+00
     1.025     0.350    0.673E+00    0.292E+00    0.393E+00    0.226E-01    0.253E-01    0.906E-02    0.906E-02    0.000E+00    0.000E+00    0.000E+00    0.000E+00
     1.025     0.360    0.664E+00    0.283E+00    0.364E+00    0.212E-01    0.234E-01    0.846E-02    0.846E-02    0.000E+00    0.000E+00    0.000E+00    0.000E+00
     1.025     0.370    0.654E+00    0.273E+00    0.336E+00    0.199E-01    0.216E-01    0.789E-02    0.789E-02    0.000E+00    0.000E+00    0.000E+00    0.000E+00
     1.025     0.380    0.643E+00    0.264E+00    0.309E+00    0.186E-01    0.199E-01    0.735E-02    0.735E-02    0.000E+00    0.000E+00    0.000E+00    0.000E+00
     1.025     0.390    0.631E+00    0.254E+00    0.284E+00    0.174E-01    0.184E-01    0.683E-02    0.683E-02    0.000E+00    0.000E+00    0.000E+00    0.000E+00
     1.025     0.400    0.619E+00    0.245E+00    0.261E+00    0.162E-01    0.169E-01    0.633E-02    0.633E-02    0.000E+00    0.000E+00    0.000E+00    0.000E+00
     1.025     0.410    0.606E+00    0.235E+00    0.238E+00    0.150E-01    0.156E-01    0.586E-02    0.586E-02    0.000E+00    0.000E+00    0.000E+00    0.000E+00
     1.025     0.420    0.592E+00    0.225E+00    0.218E+00    0.139E-01    0.143E-01    0.541E-02    0.541E-02    0.000E+00    0.000E+00    0.000E+00    0.000E+00
     1.025     0.430    0.578E+00    0.216E+00    0.198E+00    0.128E-01    0.131E-01    0.499E-02    0.499E-02    0.000E+00    0.000E+00    0.000E+00    0.000E+00
     1.025     0.440    0.563E+00    0.206E+00    0.180E+00    0.118E-01    0.120E-01    0.459E-02    0.459E-02    0.000E+00    0.000E+00    0.000E+00    0.000E+00
     1.025     0.450    0.548E+00    0.196E+00    0.163E+00    0.108E-01    0.110E-01    0.420E-02    0.420E-02    0.000E+00    0.000E+00    0.000E+00    0.000E+00
     1.025     0.460    0.533E+00    0.187E+00    0.148E+00    0.989E-02    0.100E-01    0.384E-02    0.384E-02    0.000E+00    0.000E+00    0.000E+00    0.000E+00
     1.025     0.470    0.517E+00    0.177E+00    0.133E+00    0.901E-02    0.908E-02    0.350E-02    0.350E-02    0.000E+00    0.000E+00    0.000E+00    0.000E+00
     1.025     0.480    0.501E+00    0.168E+00    0.120E+00    0.818E-02    0.823E-02    0.318E-02    0.318E-02    0.000E+00    0.000E+00    0.000E+00    0.000E+00
     1.025     0.490    0.484E+00    0.158E+00    0.107E+00    0.740E-02    0.743E-02    0.288E-02    0.288E-02    0.000E+00    0.000E+00    0.000E+00    0.000E+00
     1.025     0.500    0.468E+00    0.149E+00    0.958E-01    0.667E-02    0.669E-02    0.260E-02    0.260E-02    0.000E+00    0.000E+00    0.000E+00    0.000E+00
     1.025     0.510    0.451E+00    0.140E+00    0.854E-01    0.598E-02    0.600E-02    0.233E-02    0.233E-02    0.000E+00    0.000E+00    0.000E+00    0.000E+00
     1.025     0.520    0.434E+00    0.132E+00    0.759E-01    0.534E-02    0.535E-02    0.208E-02    0.208E-02    0.000E+00    0.000E+00    0.000E+00    0.000E+00
     1.025     0.530    0.417E+00    0.123E+00    0.672E-01    0.474E-02    0.475E-02    0.185E-02    0.185E-02    0.000E+00    0.000E+00    0.000E+00    0.000E+00
     1.025     0.540    0.400E+00    0.115E+00    0.593E-01    0.419E-02    0.419E-02    0.164E-02    0.164E-02    0.000E+00    0.000E+00    0.000E+00    0.000E+00
     1.025     0.550    0.383E+00    0.107E+00    0.522E-01    0.367E-02    0.367E-02    0.143E-02    0.143E-02    0.000E+00    0.000E+00    0.000E+00    0.000E+00
     1.025     0.560    0.366E+00    0.989E-01    0.458E-01    0.319E-02    0.320E-02    0.125E-02    0.125E-02    0.000E+00    0.000E+00    0.000E+00    0.000E+00
     1.025     0.570    0.349E+00    0.915E-01    0.400E-01    0.276E-02    0.276E-02    0.108E-02    0.108E-02    0.000E+00    0.000E+00    0.000E+00    0.000E+00
     1.025     0.580    0.332E+00    0.843E-01    0.348E-01    0.235E-02    0.235E-02    0.921E-03    0.921E-03    0.000E+00    0.000E+00    0.000E+00    0.000E+00
     1.025     0.590    0.316E+00    0.774E-01    0.301E-01    0.198E-02    0.198E-02    0.776E-03    0.776E-03    0.000E+00    0.000E+00    0.000E+00    0.000E+00
     1.025     0.600    0.299E+00    0.709E-01    0.260E-01    0.165E-02    0.165E-02    0.644E-03    0.644E-03    0.000E+00    0.000E+00    0.000E+00    0.000E+00
     1.025     0.610    0.283E+00    0.647E-01    0.223E-01    0.134E-02    0.134E-02    0.524E-03    0.524E-03    0.000E+00    0.000E+00    0.000E+00    0.000E+00
     1.025     0.620    0.267E+00    0.588E-01    0.191E-01    0.106E-02    0.106E-02    0.415E-03    0.415E-03    0.000E+00    0.000E+00    0.000E+00    0.000E+00
     1.025     0.630    0.251E+00    0.532E-01    0.162E-01    0.813E-03    0.813E-03    0.317E-03    0.317E-03    0.000E+00    0.000E+00    0.000E+00    0.000E+00
     1.025     0.640    0.236E+00    0.480E-01    0.137E-01    0.590E-03    0.590E-03    0.229E-03    0.229E-03    0.000E+00    0.000E+00    0.000E+00    0.000E+00
     1.025     0.650    0.221E+00    0.431E-01    0.115E-01    0.392E-03    0.392E-03    0.152E-03    0.152E-03    0.000E+00    0.000E+00    0.000E+00    0.000E+00
     1.025     0.660    0.207E+00    0.385E-01    0.964E-02    0.209E-03    0.209E-03    0.804E-04    0.804E-04    0.000E+00    0.000E+00    0.000E+00    0.000E+00
     1.025     0.670    0.192E+00    0.342E-01    0.801E-02    0.590E-04    0.590E-04    0.226E-04    0.226E-04    0.000E+00    0.000E+00    0.000E+00    0.000E+00
     1.025     0.680    0.179E+00    0.303E-01    0.661E-02    0.000E+00    0.000E+00    0.000E+00    0.000E+00    0.000E+00    0.000E+00    0.000E+00    0.000E+00
     1.025     0.690    0.165E+00    0.267E-01    0.542E-02    0.000E+00    0.000E+00    0.000E+00    0.000E+00    0.000E+00    0.000E+00    0.000E+00    0.000E+00
     1.025     0.700    0.153E+00    0.233E-01    0.441E-02    0.000E+00    0.000E+00    0.000E+00    0.000E+00    0.000E+00    0.000E+00    0.000E+00    0.000E+00
     1.025     0.710    0.140E+00    0.203E-01    0.355E-02    0.000E+00    0.000E+00    0.000E+00    0.000E+00    0.000E+00    0.000E+00    0.000E+00    0.000E+00
     1.025     0.720    0.128E+00    0.175E-01    0.284E-02    0.000E+00    0.000E+00    0.000E+00    0.000E+00    0.000E+00    0.000E+00    0.000E+00    0.000E+00
     1.025     0.730    0.117E+00    0.150E-01    0.225E-02    0.000E+00    0.000E+00    0.000E+00    0.000E+00    0.000E+00    0.000E+00    0.000E+00    0.000E+00
     1.025     0.740    0.106E+00    0.128E-01    0.176E-02    0.000E+00    0.000E+00    0.000E+00    0.000E+00    0.000E+00    0.000E+00    0.000E+00    0.000E+00
     1.025     0.750    0.960E-01    0.108E-01    0.136E-02    0.000E+00    0.000E+00    0.000E+00    0.000E+00    0.000E+00    0.000E+00    0.000E+00    0.000E+00
     1.025     0.760    0.863E-01    0.901E-02    0.104E-02    0.000E+00    0.000E+00    0.000E+00    0.000E+00    0.000E+00    0.000E+00    0.000E+00    0.000E+00
     1.025     0.770    0.771E-01    0.745E-02    0.785E-03    0.000E+00    0.000E+00    0.000E+00    0.000E+00    0.000E+00    0.000E+00    0.000E+00    0.000E+00
     1.025     0.780    0.685E-01    0.607E-02    0.581E-03    0.000E+00    0.000E+00    0.000E+00    0.000E+00    0.000E+00    0.000E+00    0.000E+00    0.000E+00
     1.025     0.790    0.605E-01    0.493E-02    0.425E-03    0.000E+00    0.000E+00    0.000E+00    0.000E+00    0.000E+00    0.000E+00    0.000E+00    0.000E+00
     1.025     0.800    0.533E-01    0.413E-02    0.302E-03    0.000E+00    0.000E+00    0.000E+00    0.000E+00    0.000E+00    0.000E+00    0.000E+00    0.000E+00
     1.025     0.810    0.466E-01    0.350E-02    0.211E-03    0.000E+00    0.000E+00    0.000E+00    0.000E+00    0.000E+00    0.000E+00    0.000E+00    0.000E+00
     1.025     0.820    0.403E-01    0.285E-02    0.143E-03    0.000E+00    0.000E+00    0.000E+00    0.000E+00    0.000E+00    0.000E+00    0.000E+00    0.000E+00
     1.025     0.830    0.344E-01    0.222E-02    0.942E-04    0.000E+00    0.000E+00    0.000E+00    0.000E+00    0.000E+00    0.000E+00    0.000E+00    0.000E+00
     1.025     0.840    0.291E-01    0.169E-02    0.596E-04    0.000E+00    0.000E+00    0.000E+00    0.000E+00    0.000E+00    0.000E+00    0.000E+00    0.000E+00
     1.025     0.850    0.243E-01    0.127E-02    0.355E-04    0.000E+00    0.000E+00    0.000E+00    0.000E+00    0.000E+00    0.000E+00    0.000E+00    0.000E+00
     1.025     0.860    0.200E-01    0.940E-03    0.201E-04    0.000E+00    0.000E+00    0.000E+00    0.000E+00    0.000E+00    0.000E+00    0.000E+00    0.000E+00
     1.025     0.870    0.163E-01    0.677E-03    0.986E-05    0.000E+00    0.000E+00    0.000E+00    0.000E+00    0.000E+00    0.000E+00    0.000E+00    0.000E+00
     1.025     0.880    0.130E-01    0.476E-03    0.417E-05    0.000E+00    0.000E+00    0.000E+00    0.000E+00    0.000E+00    0.000E+00    0.000E+00    0.000E+00
     1.025     0.890    0.101E-01    0.323E-03    0.909E-06    0.000E+00    0.000E+00    0.000E+00    0.000E+00    0.000E+00    0.000E+00    0.000E+00    0.000E+00
     1.025     0.900    0.769E-02    0.212E-03    0.000E+00    0.000E+00    0.000E+00    0.000E+00    0.000E+00    0.000E+00    0.000E+00    0.000E+00    0.000E+00
     1.025     0.910    0.567E-02    0.133E-03    0.000E+00    0.000E+00    0.000E+00    0.000E+00    0.000E+00    0.000E+00    0.000E+00    0.000E+00    0.000E+00
     1.025     0.920    0.403E-02    0.784E-04    0.000E+00    0.000E+00    0.000E+00    0.000E+00    0.000E+00    0.000E+00    0.000E+00    0.000E+00    0.000E+00
     1.025     0.930    0.273E-02    0.440E-04    0.000E+00    0.000E+00    0.000E+00    0.000E+00    0.000E+00    0.000E+00    0.000E+00    0.000E+00    0.000E+00
     1.025     0.940    0.174E-02    0.218E-04    0.000E+00    0.000E+00    0.000E+00    0.000E+00    0.000E+00    0.000E+00    0.000E+00    0.000E+00    0.000E+00
     1.025     0.950    0.100E-02    0.996E-05    0.000E+00    0.000E+00    0.000E+00    0.000E+00    0.000E+00    0.000E+00    0.000E+00    0.000E+00    0.000E+00
     1.025     0.960    0.466E-03    0.333E-05    0.000E+00    0.402E-06    0.402E-06    0.161E-06    0.161E-06    0.000E+00    0.000E+00    0.000E+00    0.000E+00
     1.025     0.970    0.112E-03    0.392E-06    0.000E+00    0.966E-06    0.966E-06    0.386E-06    0.386E-06    0.627E-12    0.627E-12    0.000E+00    0.000E+00
     1.025     0.980    0.000E+00    0.485E-07    0.106E-07    0.128E-05    0.128E-05    0.513E-06    0.513E-06    0.000E+00    0.000E+00    0.000E+00    0.000E+00
     1.025     0.990    0.000E+00    0.533E-06    0.119E-07    0.106E-05    0.106E-05    0.424E-06    0.424E-06    0.000E+00    0.000E+00    0.000E+00    0.000E+00

