     Q**2          x         u           d           g          ub          db          sb          s          cb          c          bb          b
     1.025     0.010    0.342E+00    0.313E+00    0.597E+00    0.209E+00    0.230E+00    0.726E-01    0.726E-01    0.000E+00    0.000E+00    0.000E+00    0.000E+00
     1.025     0.020    0.359E+00    0.330E+00    0.943E+00    0.177E+00    0.198E+00    0.619E-01    0.619E-01    0.000E+00    0.000E+00    0.000E+00    0.000E+00
     1.025     0.030    0.382E+00    0.345E+00    0.113E+01    0.160E+00    0.176E+00    0.556E-01    0.556E-01    0.000E+00    0.000E+00    0.000E+00    0.000E+00
     1.025     0.040    0.408E+00    0.357E+00    0.122E+01    0.148E+00    0.160E+00    0.513E-01    0.513E-01    0.000E+00    0.000E+00    0.000E+00    0.000E+00
     1.025     0.050    0.432E+00    0.367E+00    0.129E+01    0.138E+00    0.148E+00    0.477E-01    0.477E-01    0.000E+00    0.000E+00    0.000E+00    0.000E+00
     1.025     0.060    0.456E+00    0.376E+00    0.133E+01    0.128E+00    0.139E+00    0.448E-01    0.448E-01    0.000E+00    0.000E+00    0.000E+00    0.000E+00
     1.025     0.070    0.477E+00    0.383E+00    0.135E+01    0.118E+00    0.132E+00    0.422E-01    0.422E-01    0.000E+00    0.000E+00    0.000E+00    0.000E+00
     1.025     0.080    0.498E+00    0.390E+00    0.136E+01    0.109E+00    0.126E+00    0.398E-01    0.398E-01    0.000E+00    0.000E+00    0.000E+00    0.000E+00
     1.025     0.090    0.518E+00    0.396E+00    0.136E+01    0.100E+00    0.121E+00    0.377E-01    0.377E-01    0.000E+00    0.000E+00    0.000E+00    0.000E+00
     1.025     0.100    0.537E+00    0.400E+00    0.134E+01    0.919E-01    0.117E+00    0.357E-01    0.357E-01    0.000E+00    0.000E+00    0.000E+00    0.000E+00
     1.025     0.110    0.555E+00    0.404E+00    0.133E+01    0.845E-01    0.113E+00    0.339E-01    0.339E-01    0.000E+00    0.000E+00    0.000E+00    0.000E+00
     1.025     0.120    0.573E+00    0.407E+00    0.130E+01    0.778E-01    0.109E+00    0.322E-01    0.322E-01    0.000E+00    0.000E+00    0.000E+00    0.000E+00
     1.025     0.130    0.589E+00    0.408E+00    0.127E+01    0.718E-01    0.104E+00    0.306E-01    0.306E-01    0.000E+00    0.000E+00    0.000E+00    0.000E+00
     1.025     0.140    0.605E+00    0.409E+00    0.124E+01    0.666E-01    0.100E+00    0.291E-01    0.291E-01    0.000E+00    0.000E+00    0.000E+00    0.000E+00
     1.025     0.150    0.620E+00    0.409E+00    0.120E+01    0.619E-01    0.957E-01    0.276E-01    0.276E-01    0.000E+00    0.000E+00    0.000E+00    0.000E+00
     1.025     0.160    0.634E+00    0.408E+00    0.116E+01    0.579E-01    0.912E-01    0.263E-01    0.263E-01    0.000E+00    0.000E+00    0.000E+00    0.000E+00
     1.025     0.170    0.647E+00    0.406E+00    0.112E+01    0.543E-01    0.868E-01    0.250E-01    0.250E-01    0.000E+00    0.000E+00    0.000E+00    0.000E+00
     1.025     0.180    0.659E+00    0.404E+00    0.108E+01    0.512E-01    0.823E-01    0.237E-01    0.237E-01    0.000E+00    0.000E+00    0.000E+00    0.000E+00
     1.025     0.190    0.669E+00    0.401E+00    0.103E+01    0.484E-01    0.778E-01    0.225E-01    0.225E-01    0.000E+00    0.000E+00    0.000E+00    0.000E+00
     1.025     0.200    0.679E+00    0.397E+00    0.988E+00    0.459E-01    0.734E-01    0.214E-01    0.214E-01    0.000E+00    0.000E+00    0.000E+00    0.000E+00
     1.025     0.210    0.687E+00    0.393E+00    0.944E+00    0.437E-01    0.690E-01    0.203E-01    0.203E-01    0.000E+00    0.000E+00    0.000E+00    0.000E+00
     1.025     0.220    0.694E+00    0.389E+00    0.899E+00    0.417E-01    0.648E-01    0.192E-01    0.192E-01    0.000E+00    0.000E+00    0.000E+00    0.000E+00
     1.025     0.230    0.700E+00    0.383E+00    0.854E+00    0.398E-01    0.607E-01    0.182E-01    0.182E-01    0.000E+00    0.000E+00    0.000E+00    0.000E+00
     1.025     0.240    0.704E+00    0.378E+00    0.810E+00    0.381E-01    0.568E-01    0.173E-01    0.173E-01    0.000E+00    0.000E+00    0.000E+00    0.000E+00
     1.025     0.250    0.708E+00    0.372E+00    0.766E+00    0.365E-01    0.530E-01    0.164E-01    0.164E-01    0.000E+00    0.000E+00    0.000E+00    0.000E+00
     1.025     0.260    0.709E+00    0.366E+00    0.724E+00    0.349E-01    0.494E-01    0.155E-01    0.155E-01    0.000E+00    0.000E+00    0.000E+00    0.000E+00
     1.025     0.270    0.710E+00    0.359E+00    0.682E+00    0.334E-01    0.460E-01    0.146E-01    0.146E-01    0.000E+00    0.000E+00    0.000E+00    0.000E+00
     1.025     0.280    0.709E+00    0.352E+00    0.641E+00    0.320E-01    0.427E-01    0.138E-01    0.138E-01    0.000E+00    0.000E+00    0.000E+00    0.000E+00
     1.025     0.290    0.708E+00    0.344E+00    0.602E+00    0.306E-01    0.397E-01    0.130E-01    0.130E-01    0.000E+00    0.000E+00    0.000E+00    0.000E+00
     1.025     0.300    0.705E+00    0.336E+00    0.564E+00    0.292E-01    0.369E-01    0.123E-01    0.123E-01    0.000E+00    0.000E+00    0.000E+00    0.000E+00
     1.025     0.310    0.700E+00    0.328E+00    0.527E+00    0.278E-01    0.342E-01    0.116E-01    0.116E-01    0.000E+00    0.000E+00    0.000E+00    0.000E+00
     1.025     0.320    0.695E+00    0.320E+00    0.491E+00    0.264E-01    0.317E-01    0.109E-01    0.109E-01    0.000E+00    0.000E+00    0.000E+00    0.000E+00
     1.025     0.330    0.689E+00    0.311E+00    0.457E+00    0.251E-01    0.294E-01    0.102E-01    0.102E-01    0.000E+00    0.000E+00    0.000E+00    0.000E+00
     1.025     0.340    0.681E+00    0.302E+00    0.425E+00    0.238E-01    0.272E-01    0.960E-02    0.960E-02    0.000E+00    0.000E+00    0.000E+00    0.000E+00
     1.025     0.350    0.673E+00    0.293E+00    0.394E+00    0.225E-01    0.252E-01    0.900E-02    0.900E-02    0.000E+00    0.000E+00    0.000E+00    0.000E+00
     1.025     0.360    0.664E+00    0.284E+00    0.364E+00    0.212E-01    0.234E-01    0.843E-02    0.843E-02    0.000E+00    0.000E+00    0.000E+00    0.000E+00
     1.025     0.370    0.654E+00    0.275E+00    0.336E+00    0.199E-01    0.216E-01    0.789E-02    0.789E-02    0.000E+00    0.000E+00    0.000E+00    0.000E+00
     1.025     0.380    0.643E+00    0.265E+00    0.310E+00    0.187E-01    0.200E-01    0.737E-02    0.737E-02    0.000E+00    0.000E+00    0.000E+00    0.000E+00
     1.025     0.390    0.631E+00    0.255E+00    0.285E+00    0.175E-01    0.185E-01    0.687E-02    0.687E-02    0.000E+00    0.000E+00    0.000E+00    0.000E+00
     1.025     0.400    0.619E+00    0.245E+00    0.261E+00    0.164E-01    0.171E-01    0.640E-02    0.640E-02    0.000E+00    0.000E+00    0.000E+00    0.000E+00
     1.025     0.410    0.606E+00    0.236E+00    0.239E+00    0.152E-01    0.158E-01    0.595E-02    0.595E-02    0.000E+00    0.000E+00    0.000E+00    0.000E+00
     1.025     0.420    0.592E+00    0.226E+00    0.218E+00    0.142E-01    0.146E-01    0.553E-02    0.553E-02    0.000E+00    0.000E+00    0.000E+00    0.000E+00
     1.025     0.430    0.578E+00    0.216E+00    0.199E+00    0.132E-01    0.135E-01    0.513E-02    0.513E-02    0.000E+00    0.000E+00    0.000E+00    0.000E+00
     1.025     0.440    0.563E+00    0.206E+00    0.181E+00    0.122E-01    0.124E-01    0.474E-02    0.474E-02    0.000E+00    0.000E+00    0.000E+00    0.000E+00
     1.025     0.450    0.548E+00    0.196E+00    0.164E+00    0.113E-01    0.114E-01    0.438E-02    0.438E-02    0.000E+00    0.000E+00    0.000E+00    0.000E+00
     1.025     0.460    0.533E+00    0.186E+00    0.148E+00    0.104E-01    0.105E-01    0.404E-02    0.404E-02    0.000E+00    0.000E+00    0.000E+00    0.000E+00
     1.025     0.470    0.517E+00    0.176E+00    0.133E+00    0.955E-02    0.963E-02    0.372E-02    0.372E-02    0.000E+00    0.000E+00    0.000E+00    0.000E+00
     1.025     0.480    0.500E+00    0.167E+00    0.120E+00    0.876E-02    0.882E-02    0.342E-02    0.342E-02    0.000E+00    0.000E+00    0.000E+00    0.000E+00
     1.025     0.490    0.484E+00    0.157E+00    0.108E+00    0.802E-02    0.806E-02    0.313E-02    0.313E-02    0.000E+00    0.000E+00    0.000E+00    0.000E+00
     1.025     0.500    0.467E+00    0.148E+00    0.961E-01    0.733E-02    0.735E-02    0.286E-02    0.286E-02    0.000E+00    0.000E+00    0.000E+00    0.000E+00
     1.025     0.510    0.451E+00    0.139E+00    0.857E-01    0.668E-02    0.669E-02    0.261E-02    0.261E-02    0.000E+00    0.000E+00    0.000E+00    0.000E+00
     1.025     0.520    0.434E+00    0.130E+00    0.762E-01    0.607E-02    0.608E-02    0.237E-02    0.237E-02    0.000E+00    0.000E+00    0.000E+00    0.000E+00
     1.025     0.530    0.417E+00    0.121E+00    0.675E-01    0.550E-02    0.551E-02    0.215E-02    0.215E-02    0.000E+00    0.000E+00    0.000E+00    0.000E+00
     1.025     0.540    0.400E+00    0.113E+00    0.596E-01    0.497E-02    0.497E-02    0.195E-02    0.195E-02    0.000E+00    0.000E+00    0.000E+00    0.000E+00
     1.025     0.550    0.382E+00    0.105E+00    0.524E-01    0.448E-02    0.448E-02    0.176E-02    0.176E-02    0.000E+00    0.000E+00    0.000E+00    0.000E+00
     1.025     0.560    0.365E+00    0.972E-01    0.459E-01    0.402E-02    0.402E-02    0.158E-02    0.158E-02    0.000E+00    0.000E+00    0.000E+00    0.000E+00
     1.025     0.570    0.349E+00    0.897E-01    0.401E-01    0.360E-02    0.360E-02    0.141E-02    0.141E-02    0.000E+00    0.000E+00    0.000E+00    0.000E+00
     1.025     0.580    0.332E+00    0.826E-01    0.349E-01    0.320E-02    0.321E-02    0.126E-02    0.126E-02    0.000E+00    0.000E+00    0.000E+00    0.000E+00
     1.025     0.590    0.315E+00    0.757E-01    0.302E-01    0.285E-02    0.285E-02    0.112E-02    0.112E-02    0.000E+00    0.000E+00    0.000E+00    0.000E+00
     1.025     0.600    0.299E+00    0.693E-01    0.261E-01    0.251E-02    0.251E-02    0.992E-03    0.992E-03    0.000E+00    0.000E+00    0.000E+00    0.000E+00
     1.025     0.610    0.282E+00    0.631E-01    0.224E-01    0.221E-02    0.221E-02    0.873E-03    0.873E-03    0.000E+00    0.000E+00    0.000E+00    0.000E+00
     1.025     0.620    0.267E+00    0.573E-01    0.191E-01    0.194E-02    0.194E-02    0.764E-03    0.764E-03    0.000E+00    0.000E+00    0.000E+00    0.000E+00
     1.025     0.630    0.251E+00    0.518E-01    0.163E-01    0.168E-02    0.168E-02    0.666E-03    0.666E-03    0.000E+00    0.000E+00    0.000E+00    0.000E+00
     1.025     0.640    0.236E+00    0.466E-01    0.138E-01    0.146E-02    0.146E-02    0.576E-03    0.576E-03    0.000E+00    0.000E+00    0.000E+00    0.000E+00
     1.025     0.650    0.221E+00    0.418E-01    0.116E-01    0.125E-02    0.125E-02    0.494E-03    0.494E-03    0.000E+00    0.000E+00    0.000E+00    0.000E+00
     1.025     0.660    0.206E+00    0.374E-01    0.968E-02    0.106E-02    0.106E-02    0.421E-03    0.421E-03    0.000E+00    0.000E+00    0.000E+00    0.000E+00
     1.025     0.670    0.192E+00    0.332E-01    0.805E-02    0.896E-03    0.896E-03    0.355E-03    0.355E-03    0.000E+00    0.000E+00    0.000E+00    0.000E+00
     1.025     0.680    0.178E+00    0.294E-01    0.664E-02    0.747E-03    0.747E-03    0.296E-03    0.296E-03    0.000E+00    0.000E+00    0.000E+00    0.000E+00
     1.025     0.690    0.165E+00    0.258E-01    0.544E-02    0.616E-03    0.616E-03    0.244E-03    0.244E-03    0.000E+00    0.000E+00    0.000E+00    0.000E+00
     1.025     0.700    0.152E+00    0.226E-01    0.442E-02    0.499E-03    0.499E-03    0.198E-03    0.198E-03    0.000E+00    0.000E+00    0.000E+00    0.000E+00
     1.025     0.710    0.140E+00    0.197E-01    0.357E-02    0.397E-03    0.397E-03    0.158E-03    0.158E-03    0.000E+00    0.000E+00    0.000E+00    0.000E+00
     1.025     0.720    0.128E+00    0.170E-01    0.285E-02    0.309E-03    0.309E-03    0.123E-03    0.123E-03    0.000E+00    0.000E+00    0.000E+00    0.000E+00
     1.025     0.730    0.117E+00    0.146E-01    0.225E-02    0.233E-03    0.233E-03    0.923E-04    0.923E-04    0.000E+00    0.000E+00    0.000E+00    0.000E+00
     1.025     0.740    0.106E+00    0.125E-01    0.176E-02    0.168E-03    0.168E-03    0.665E-04    0.665E-04    0.000E+00    0.000E+00    0.000E+00    0.000E+00
     1.025     0.750    0.956E-01    0.106E-01    0.136E-02    0.112E-03    0.112E-03    0.444E-04    0.444E-04    0.000E+00    0.000E+00    0.000E+00    0.000E+00
     1.025     0.760    0.859E-01    0.886E-02    0.104E-02    0.662E-04    0.662E-04    0.262E-04    0.262E-04    0.000E+00    0.000E+00    0.000E+00    0.000E+00
     1.025     0.770    0.768E-01    0.738E-02    0.785E-03    0.323E-04    0.323E-04    0.127E-04    0.127E-04    0.000E+00    0.000E+00    0.000E+00    0.000E+00
     1.025     0.780    0.682E-01    0.608E-02    0.581E-03    0.112E-04    0.112E-04    0.439E-05    0.439E-05    0.000E+00    0.000E+00    0.000E+00    0.000E+00
     1.025     0.790    0.602E-01    0.496E-02    0.424E-03    0.000E+00    0.000E+00    0.000E+00    0.000E+00    0.000E+00    0.000E+00    0.000E+00    0.000E+00
     1.025     0.800    0.528E-01    0.403E-02    0.301E-03    0.000E+00    0.000E+00    0.000E+00    0.000E+00    0.000E+00    0.000E+00    0.000E+00    0.000E+00
     1.025     0.810    0.459E-01    0.324E-02    0.210E-03    0.000E+00    0.000E+00    0.000E+00    0.000E+00    0.000E+00    0.000E+00    0.000E+00    0.000E+00
     1.025     0.820    0.396E-01    0.257E-02    0.142E-03    0.000E+00    0.000E+00    0.000E+00    0.000E+00    0.000E+00    0.000E+00    0.000E+00    0.000E+00
     1.025     0.830    0.339E-01    0.200E-02    0.927E-04    0.000E+00    0.000E+00    0.000E+00    0.000E+00    0.000E+00    0.000E+00    0.000E+00    0.000E+00
     1.025     0.840    0.286E-01    0.154E-02    0.582E-04    0.000E+00    0.000E+00    0.000E+00    0.000E+00    0.000E+00    0.000E+00    0.000E+00    0.000E+00
     1.025     0.850    0.239E-01    0.116E-02    0.342E-04    0.000E+00    0.000E+00    0.000E+00    0.000E+00    0.000E+00    0.000E+00    0.000E+00    0.000E+00
     1.025     0.860    0.197E-01    0.863E-03    0.190E-04    0.000E+00    0.000E+00    0.000E+00    0.000E+00    0.000E+00    0.000E+00    0.000E+00    0.000E+00
     1.025     0.870    0.159E-01    0.625E-03    0.892E-05    0.000E+00    0.000E+00    0.000E+00    0.000E+00    0.000E+00    0.000E+00    0.000E+00    0.000E+00
     1.025     0.880    0.127E-01    0.443E-03    0.340E-05    0.000E+00    0.000E+00    0.000E+00    0.000E+00    0.000E+00    0.000E+00    0.000E+00    0.000E+00
     1.025     0.890    0.989E-02    0.305E-03    0.295E-06    0.000E+00    0.000E+00    0.000E+00    0.000E+00    0.000E+00    0.000E+00    0.000E+00    0.000E+00
     1.025     0.900    0.751E-02    0.203E-03    0.000E+00    0.000E+00    0.000E+00    0.000E+00    0.000E+00    0.000E+00    0.000E+00    0.000E+00    0.000E+00
     1.025     0.910    0.553E-02    0.131E-03    0.000E+00    0.000E+00    0.000E+00    0.000E+00    0.000E+00    0.000E+00    0.000E+00    0.000E+00    0.000E+00
     1.025     0.920    0.393E-02    0.801E-04    0.000E+00    0.000E+00    0.000E+00    0.000E+00    0.000E+00    0.000E+00    0.000E+00    0.000E+00    0.000E+00
     1.025     0.930    0.265E-02    0.472E-04    0.000E+00    0.000E+00    0.000E+00    0.000E+00    0.000E+00    0.000E+00    0.000E+00    0.000E+00    0.000E+00
     1.025     0.940    0.168E-02    0.251E-04    0.000E+00    0.000E+00    0.000E+00    0.000E+00    0.000E+00    0.000E+00    0.000E+00    0.000E+00    0.000E+00
     1.025     0.950    0.969E-03    0.126E-04    0.000E+00    0.000E+00    0.000E+00    0.000E+00    0.000E+00    0.000E+00    0.000E+00    0.000E+00    0.000E+00
     1.025     0.960    0.450E-03    0.489E-05    0.000E+00    0.708E-07    0.708E-07    0.283E-07    0.283E-07    0.000E+00    0.000E+00    0.000E+00    0.000E+00
     1.025     0.970    0.107E-03    0.866E-06    0.000E+00    0.170E-06    0.170E-06    0.680E-07    0.680E-07    0.547E-12    0.547E-12    0.000E+00    0.000E+00
     1.025     0.980    0.000E+00    0.000E+00    0.135E-07    0.226E-06    0.226E-06    0.903E-07    0.903E-07    0.000E+00    0.000E+00    0.000E+00    0.000E+00
     1.025     0.990    0.000E+00    0.000E+00    0.156E-07    0.187E-06    0.187E-06    0.747E-07    0.747E-07    0.000E+00    0.000E+00    0.000E+00    0.000E+00

