     Q**2          x         u           d           g          ub          db          sb          s          cb          c          bb          b
     1.025     0.010    0.279E+00    0.238E+00    0.663E+00    0.152E+00    0.171E+00    0.375E-01    0.375E-01    0.000E+00    0.000E+00    0.000E+00    0.000E+00
     1.025     0.020    0.339E+00    0.289E+00    0.147E+01    0.140E+00    0.161E+00    0.392E-01    0.392E-01    0.000E+00    0.000E+00    0.000E+00    0.000E+00
     1.025     0.030    0.394E+00    0.332E+00    0.186E+01    0.137E+00    0.156E+00    0.416E-01    0.416E-01    0.000E+00    0.000E+00    0.000E+00    0.000E+00
     1.025     0.040    0.444E+00    0.366E+00    0.201E+01    0.135E+00    0.153E+00    0.437E-01    0.437E-01    0.000E+00    0.000E+00    0.000E+00    0.000E+00
     1.025     0.050    0.488E+00    0.392E+00    0.205E+01    0.132E+00    0.151E+00    0.449E-01    0.449E-01    0.000E+00    0.000E+00    0.000E+00    0.000E+00
     1.025     0.060    0.525E+00    0.413E+00    0.201E+01    0.128E+00    0.149E+00    0.456E-01    0.456E-01    0.000E+00    0.000E+00    0.000E+00    0.000E+00
     1.025     0.070    0.558E+00    0.429E+00    0.194E+01    0.122E+00    0.148E+00    0.456E-01    0.456E-01    0.000E+00    0.000E+00    0.000E+00    0.000E+00
     1.025     0.080    0.587E+00    0.441E+00    0.184E+01    0.115E+00    0.147E+00    0.452E-01    0.452E-01    0.000E+00    0.000E+00    0.000E+00    0.000E+00
     1.025     0.090    0.612E+00    0.449E+00    0.172E+01    0.107E+00    0.145E+00    0.444E-01    0.444E-01    0.000E+00    0.000E+00    0.000E+00    0.000E+00
     1.025     0.100    0.635E+00    0.455E+00    0.161E+01    0.999E-01    0.142E+00    0.433E-01    0.433E-01    0.000E+00    0.000E+00    0.000E+00    0.000E+00
     1.025     0.110    0.655E+00    0.459E+00    0.149E+01    0.928E-01    0.139E+00    0.419E-01    0.419E-01    0.000E+00    0.000E+00    0.000E+00    0.000E+00
     1.025     0.120    0.674E+00    0.460E+00    0.137E+01    0.862E-01    0.135E+00    0.403E-01    0.403E-01    0.000E+00    0.000E+00    0.000E+00    0.000E+00
     1.025     0.130    0.690E+00    0.460E+00    0.126E+01    0.801E-01    0.130E+00    0.386E-01    0.386E-01    0.000E+00    0.000E+00    0.000E+00    0.000E+00
     1.025     0.140    0.705E+00    0.458E+00    0.116E+01    0.746E-01    0.124E+00    0.368E-01    0.368E-01    0.000E+00    0.000E+00    0.000E+00    0.000E+00
     1.025     0.150    0.719E+00    0.455E+00    0.106E+01    0.696E-01    0.118E+00    0.349E-01    0.349E-01    0.000E+00    0.000E+00    0.000E+00    0.000E+00
     1.025     0.160    0.731E+00    0.451E+00    0.972E+00    0.651E-01    0.112E+00    0.330E-01    0.330E-01    0.000E+00    0.000E+00    0.000E+00    0.000E+00
     1.025     0.170    0.741E+00    0.447E+00    0.891E+00    0.610E-01    0.105E+00    0.311E-01    0.311E-01    0.000E+00    0.000E+00    0.000E+00    0.000E+00
     1.025     0.180    0.750E+00    0.442E+00    0.817E+00    0.573E-01    0.980E-01    0.292E-01    0.292E-01    0.000E+00    0.000E+00    0.000E+00    0.000E+00
     1.025     0.190    0.757E+00    0.436E+00    0.750E+00    0.539E-01    0.911E-01    0.274E-01    0.274E-01    0.000E+00    0.000E+00    0.000E+00    0.000E+00
     1.025     0.200    0.763E+00    0.430E+00    0.690E+00    0.507E-01    0.844E-01    0.256E-01    0.256E-01    0.000E+00    0.000E+00    0.000E+00    0.000E+00
     1.025     0.210    0.766E+00    0.424E+00    0.636E+00    0.477E-01    0.777E-01    0.238E-01    0.238E-01    0.000E+00    0.000E+00    0.000E+00    0.000E+00
     1.025     0.220    0.769E+00    0.417E+00    0.587E+00    0.450E-01    0.713E-01    0.221E-01    0.221E-01    0.000E+00    0.000E+00    0.000E+00    0.000E+00
     1.025     0.230    0.770E+00    0.410E+00    0.544E+00    0.423E-01    0.652E-01    0.204E-01    0.204E-01    0.000E+00    0.000E+00    0.000E+00    0.000E+00
     1.025     0.240    0.769E+00    0.402E+00    0.506E+00    0.398E-01    0.594E-01    0.189E-01    0.189E-01    0.000E+00    0.000E+00    0.000E+00    0.000E+00
     1.025     0.250    0.767E+00    0.395E+00    0.471E+00    0.373E-01    0.540E-01    0.174E-01    0.174E-01    0.000E+00    0.000E+00    0.000E+00    0.000E+00
     1.025     0.260    0.764E+00    0.387E+00    0.440E+00    0.349E-01    0.489E-01    0.160E-01    0.160E-01    0.000E+00    0.000E+00    0.000E+00    0.000E+00
     1.025     0.270    0.759E+00    0.378E+00    0.413E+00    0.326E-01    0.442E-01    0.146E-01    0.146E-01    0.000E+00    0.000E+00    0.000E+00    0.000E+00
     1.025     0.280    0.753E+00    0.369E+00    0.388E+00    0.304E-01    0.398E-01    0.134E-01    0.134E-01    0.000E+00    0.000E+00    0.000E+00    0.000E+00
     1.025     0.290    0.746E+00    0.360E+00    0.365E+00    0.282E-01    0.358E-01    0.122E-01    0.122E-01    0.000E+00    0.000E+00    0.000E+00    0.000E+00
     1.025     0.300    0.737E+00    0.351E+00    0.345E+00    0.261E-01    0.321E-01    0.111E-01    0.111E-01    0.000E+00    0.000E+00    0.000E+00    0.000E+00
     1.025     0.310    0.727E+00    0.341E+00    0.326E+00    0.240E-01    0.288E-01    0.101E-01    0.101E-01    0.000E+00    0.000E+00    0.000E+00    0.000E+00
     1.025     0.320    0.717E+00    0.331E+00    0.309E+00    0.221E-01    0.258E-01    0.914E-02    0.914E-02    0.000E+00    0.000E+00    0.000E+00    0.000E+00
     1.025     0.330    0.705E+00    0.321E+00    0.293E+00    0.202E-01    0.231E-01    0.826E-02    0.826E-02    0.000E+00    0.000E+00    0.000E+00    0.000E+00
     1.025     0.340    0.693E+00    0.310E+00    0.278E+00    0.184E-01    0.206E-01    0.745E-02    0.745E-02    0.000E+00    0.000E+00    0.000E+00    0.000E+00
     1.025     0.350    0.680E+00    0.299E+00    0.264E+00    0.167E-01    0.183E-01    0.670E-02    0.670E-02    0.000E+00    0.000E+00    0.000E+00    0.000E+00
     1.025     0.360    0.666E+00    0.288E+00    0.251E+00    0.151E-01    0.163E-01    0.601E-02    0.601E-02    0.000E+00    0.000E+00    0.000E+00    0.000E+00
     1.025     0.370    0.651E+00    0.277E+00    0.239E+00    0.136E-01    0.145E-01    0.538E-02    0.538E-02    0.000E+00    0.000E+00    0.000E+00    0.000E+00
     1.025     0.380    0.635E+00    0.265E+00    0.226E+00    0.122E-01    0.129E-01    0.480E-02    0.480E-02    0.000E+00    0.000E+00    0.000E+00    0.000E+00
     1.025     0.390    0.620E+00    0.254E+00    0.215E+00    0.110E-01    0.114E-01    0.427E-02    0.427E-02    0.000E+00    0.000E+00    0.000E+00    0.000E+00
     1.025     0.400    0.603E+00    0.242E+00    0.204E+00    0.978E-02    0.101E-01    0.379E-02    0.379E-02    0.000E+00    0.000E+00    0.000E+00    0.000E+00
     1.025     0.410    0.586E+00    0.230E+00    0.193E+00    0.869E-02    0.892E-02    0.336E-02    0.336E-02    0.000E+00    0.000E+00    0.000E+00    0.000E+00
     1.025     0.420    0.569E+00    0.219E+00    0.182E+00    0.770E-02    0.785E-02    0.297E-02    0.297E-02    0.000E+00    0.000E+00    0.000E+00    0.000E+00
     1.025     0.430    0.552E+00    0.207E+00    0.172E+00    0.680E-02    0.690E-02    0.262E-02    0.262E-02    0.000E+00    0.000E+00    0.000E+00    0.000E+00
     1.025     0.440    0.534E+00    0.196E+00    0.162E+00    0.598E-02    0.605E-02    0.230E-02    0.230E-02    0.000E+00    0.000E+00    0.000E+00    0.000E+00
     1.025     0.450    0.516E+00    0.184E+00    0.152E+00    0.525E-02    0.530E-02    0.201E-02    0.201E-02    0.000E+00    0.000E+00    0.000E+00    0.000E+00
     1.025     0.460    0.497E+00    0.173E+00    0.142E+00    0.459E-02    0.462E-02    0.176E-02    0.176E-02    0.000E+00    0.000E+00    0.000E+00    0.000E+00
     1.025     0.470    0.479E+00    0.162E+00    0.133E+00    0.400E-02    0.402E-02    0.153E-02    0.153E-02    0.000E+00    0.000E+00    0.000E+00    0.000E+00
     1.025     0.480    0.460E+00    0.152E+00    0.124E+00    0.347E-02    0.349E-02    0.133E-02    0.133E-02    0.000E+00    0.000E+00    0.000E+00    0.000E+00
     1.025     0.490    0.442E+00    0.141E+00    0.115E+00    0.300E-02    0.301E-02    0.115E-02    0.115E-02    0.000E+00    0.000E+00    0.000E+00    0.000E+00
     1.025     0.500    0.423E+00    0.131E+00    0.107E+00    0.259E-02    0.260E-02    0.992E-03    0.992E-03    0.000E+00    0.000E+00    0.000E+00    0.000E+00
     1.025     0.510    0.405E+00    0.121E+00    0.989E-01    0.223E-02    0.223E-02    0.852E-03    0.852E-03    0.000E+00    0.000E+00    0.000E+00    0.000E+00
     1.025     0.520    0.387E+00    0.112E+00    0.911E-01    0.191E-02    0.191E-02    0.730E-03    0.730E-03    0.000E+00    0.000E+00    0.000E+00    0.000E+00
     1.025     0.530    0.369E+00    0.103E+00    0.836E-01    0.163E-02    0.163E-02    0.623E-03    0.623E-03    0.000E+00    0.000E+00    0.000E+00    0.000E+00
     1.025     0.540    0.351E+00    0.948E-01    0.765E-01    0.138E-02    0.138E-02    0.530E-03    0.530E-03    0.000E+00    0.000E+00    0.000E+00    0.000E+00
     1.025     0.550    0.333E+00    0.868E-01    0.697E-01    0.117E-02    0.117E-02    0.448E-03    0.448E-03    0.000E+00    0.000E+00    0.000E+00    0.000E+00
     1.025     0.560    0.315E+00    0.792E-01    0.633E-01    0.984E-03    0.984E-03    0.378E-03    0.378E-03    0.000E+00    0.000E+00    0.000E+00    0.000E+00
     1.025     0.570    0.298E+00    0.720E-01    0.572E-01    0.825E-03    0.825E-03    0.317E-03    0.317E-03    0.000E+00    0.000E+00    0.000E+00    0.000E+00
     1.025     0.580    0.281E+00    0.652E-01    0.515E-01    0.689E-03    0.689E-03    0.265E-03    0.265E-03    0.000E+00    0.000E+00    0.000E+00    0.000E+00
     1.025     0.590    0.265E+00    0.589E-01    0.461E-01    0.572E-03    0.572E-03    0.221E-03    0.221E-03    0.000E+00    0.000E+00    0.000E+00    0.000E+00
     1.025     0.600    0.248E+00    0.530E-01    0.412E-01    0.473E-03    0.473E-03    0.183E-03    0.183E-03    0.000E+00    0.000E+00    0.000E+00    0.000E+00
     1.025     0.610    0.233E+00    0.476E-01    0.366E-01    0.389E-03    0.389E-03    0.151E-03    0.151E-03    0.000E+00    0.000E+00    0.000E+00    0.000E+00
     1.025     0.620    0.217E+00    0.425E-01    0.323E-01    0.318E-03    0.318E-03    0.123E-03    0.123E-03    0.000E+00    0.000E+00    0.000E+00    0.000E+00
     1.025     0.630    0.202E+00    0.379E-01    0.284E-01    0.259E-03    0.259E-03    0.101E-03    0.101E-03    0.000E+00    0.000E+00    0.000E+00    0.000E+00
     1.025     0.640    0.188E+00    0.336E-01    0.248E-01    0.209E-03    0.209E-03    0.814E-04    0.814E-04    0.000E+00    0.000E+00    0.000E+00    0.000E+00
     1.025     0.650    0.174E+00    0.297E-01    0.216E-01    0.168E-03    0.168E-03    0.656E-04    0.656E-04    0.000E+00    0.000E+00    0.000E+00    0.000E+00
     1.025     0.660    0.161E+00    0.262E-01    0.187E-01    0.134E-03    0.134E-03    0.525E-04    0.525E-04    0.000E+00    0.000E+00    0.000E+00    0.000E+00
     1.025     0.670    0.148E+00    0.230E-01    0.160E-01    0.106E-03    0.106E-03    0.417E-04    0.417E-04    0.000E+00    0.000E+00    0.000E+00    0.000E+00
     1.025     0.680    0.136E+00    0.201E-01    0.137E-01    0.835E-04    0.835E-04    0.329E-04    0.329E-04    0.000E+00    0.000E+00    0.000E+00    0.000E+00
     1.025     0.690    0.124E+00    0.175E-01    0.116E-01    0.650E-04    0.650E-04    0.257E-04    0.257E-04    0.000E+00    0.000E+00    0.000E+00    0.000E+00
     1.025     0.700    0.113E+00    0.152E-01    0.974E-02    0.503E-04    0.503E-04    0.200E-04    0.200E-04    0.000E+00    0.000E+00    0.000E+00    0.000E+00
     1.025     0.710    0.102E+00    0.131E-01    0.813E-02    0.385E-04    0.385E-04    0.154E-04    0.154E-04    0.000E+00    0.000E+00    0.000E+00    0.000E+00
     1.025     0.720    0.925E-01    0.113E-01    0.673E-02    0.293E-04    0.293E-04    0.117E-04    0.117E-04    0.000E+00    0.000E+00    0.000E+00    0.000E+00
     1.025     0.730    0.831E-01    0.969E-02    0.551E-02    0.219E-04    0.219E-04    0.885E-05    0.885E-05    0.171E-07    0.171E-07    0.000E+00    0.000E+00
     1.025     0.740    0.743E-01    0.827E-02    0.448E-02    0.163E-04    0.163E-04    0.662E-05    0.662E-05    0.710E-08    0.710E-08    0.000E+00    0.000E+00
     1.025     0.750    0.661E-01    0.703E-02    0.360E-02    0.119E-04    0.119E-04    0.489E-05    0.489E-05    0.000E+00    0.000E+00    0.000E+00    0.000E+00
     1.025     0.760    0.584E-01    0.595E-02    0.286E-02    0.864E-05    0.864E-05    0.356E-05    0.356E-05    0.000E+00    0.000E+00    0.000E+00    0.000E+00
     1.025     0.770    0.514E-01    0.502E-02    0.225E-02    0.618E-05    0.618E-05    0.257E-05    0.257E-05    0.000E+00    0.000E+00    0.000E+00    0.000E+00
     1.025     0.780    0.448E-01    0.421E-02    0.174E-02    0.433E-05    0.433E-05    0.182E-05    0.182E-05    0.000E+00    0.000E+00    0.000E+00    0.000E+00
     1.025     0.790    0.388E-01    0.351E-02    0.133E-02    0.301E-05    0.301E-05    0.128E-05    0.128E-05    0.000E+00    0.000E+00    0.000E+00    0.000E+00
     1.025     0.800    0.334E-01    0.291E-02    0.998E-03    0.203E-05    0.203E-05    0.871E-06    0.871E-06    0.000E+00    0.000E+00    0.000E+00    0.000E+00
     1.025     0.810    0.284E-01    0.240E-02    0.738E-03    0.136E-05    0.136E-05    0.589E-06    0.589E-06    0.000E+00    0.000E+00    0.000E+00    0.000E+00
     1.025     0.820    0.240E-01    0.197E-02    0.534E-03    0.879E-06    0.879E-06    0.388E-06    0.388E-06    0.000E+00    0.000E+00    0.000E+00    0.000E+00
     1.025     0.830    0.200E-01    0.160E-02    0.378E-03    0.557E-06    0.557E-06    0.250E-06    0.250E-06    0.000E+00    0.000E+00    0.000E+00    0.000E+00
     1.025     0.840    0.165E-01    0.129E-02    0.262E-03    0.345E-06    0.345E-06    0.158E-06    0.158E-06    0.000E+00    0.000E+00    0.000E+00    0.000E+00
     1.025     0.850    0.134E-01    0.103E-02    0.175E-03    0.203E-06    0.203E-06    0.949E-07    0.949E-07    0.000E+00    0.000E+00    0.000E+00    0.000E+00
     1.025     0.860    0.107E-01    0.815E-03    0.114E-03    0.120E-06    0.120E-06    0.573E-07    0.573E-07    0.000E+00    0.000E+00    0.000E+00    0.000E+00
     1.025     0.870    0.841E-02    0.634E-03    0.710E-04    0.640E-07    0.640E-07    0.315E-07    0.315E-07    0.000E+00    0.000E+00    0.000E+00    0.000E+00
     1.025     0.880    0.647E-02    0.486E-03    0.426E-04    0.345E-07    0.345E-07    0.175E-07    0.175E-07    0.000E+00    0.000E+00    0.000E+00    0.000E+00
     1.025     0.890    0.486E-02    0.364E-03    0.238E-04    0.166E-07    0.166E-07    0.877E-08    0.877E-08    0.000E+00    0.000E+00    0.000E+00    0.000E+00
     1.025     0.900    0.355E-02    0.266E-03    0.124E-04    0.736E-08    0.736E-08    0.412E-08    0.412E-08    0.000E+00    0.000E+00    0.000E+00    0.000E+00
     1.025     0.910    0.250E-02    0.189E-03    0.599E-05    0.329E-08    0.329E-08    0.189E-08    0.189E-08    0.000E+00    0.000E+00    0.000E+00    0.000E+00
     1.025     0.920    0.168E-02    0.128E-03    0.230E-05    0.909E-09    0.909E-09    0.561E-09    0.561E-09    0.000E+00    0.000E+00    0.000E+00    0.000E+00
     1.025     0.930    0.108E-02    0.829E-04    0.894E-06    0.451E-09    0.451E-09    0.201E-09    0.201E-09    0.000E+00    0.000E+00    0.000E+00    0.000E+00
     1.025     0.940    0.637E-03    0.498E-04    0.362E-07    0.000E+00    0.000E+00    0.000E+00    0.000E+00    0.000E+00    0.000E+00    0.000E+00    0.000E+00
     1.025     0.950    0.340E-03    0.270E-04    0.000E+00    0.000E+00    0.000E+00    0.000E+00    0.000E+00    0.000E+00    0.000E+00    0.000E+00    0.000E+00
     1.025     0.960    0.144E-03    0.117E-04    0.000E+00    0.000E+00    0.000E+00    0.000E+00    0.000E+00    0.000E+00    0.000E+00    0.000E+00    0.000E+00
     1.025     0.970    0.306E-04    0.256E-05    0.000E+00    0.000E+00    0.000E+00    0.000E+00    0.000E+00    0.000E+00    0.000E+00    0.000E+00    0.000E+00
     1.025     0.980    0.000E+00    0.000E+00    0.457E-07    0.206E-10    0.206E-10    0.103E-10    0.103E-10    0.000E+00    0.000E+00    0.000E+00    0.000E+00
     1.025     0.990    0.000E+00    0.000E+00    0.902E-07    0.407E-10    0.407E-10    0.193E-10    0.193E-10    0.000E+00    0.000E+00    0.000E+00    0.000E+00

