     Q**2          x         u           d           g          ub          db          sb          s          cb          c          bb          b
     1.025     0.010    0.342E+00    0.312E+00    0.603E+00    0.209E+00    0.231E+00    0.727E-01    0.727E-01    0.000E+00    0.000E+00    0.000E+00    0.000E+00
     1.025     0.020    0.359E+00    0.331E+00    0.942E+00    0.177E+00    0.198E+00    0.621E-01    0.621E-01    0.000E+00    0.000E+00    0.000E+00    0.000E+00
     1.025     0.030    0.382E+00    0.347E+00    0.112E+01    0.160E+00    0.176E+00    0.557E-01    0.557E-01    0.000E+00    0.000E+00    0.000E+00    0.000E+00
     1.025     0.040    0.408E+00    0.360E+00    0.122E+01    0.148E+00    0.160E+00    0.514E-01    0.514E-01    0.000E+00    0.000E+00    0.000E+00    0.000E+00
     1.025     0.050    0.432E+00    0.370E+00    0.128E+01    0.138E+00    0.148E+00    0.478E-01    0.478E-01    0.000E+00    0.000E+00    0.000E+00    0.000E+00
     1.025     0.060    0.456E+00    0.379E+00    0.132E+01    0.128E+00    0.139E+00    0.448E-01    0.448E-01    0.000E+00    0.000E+00    0.000E+00    0.000E+00
     1.025     0.070    0.478E+00    0.387E+00    0.134E+01    0.118E+00    0.132E+00    0.422E-01    0.422E-01    0.000E+00    0.000E+00    0.000E+00    0.000E+00
     1.025     0.080    0.498E+00    0.393E+00    0.135E+01    0.109E+00    0.126E+00    0.398E-01    0.398E-01    0.000E+00    0.000E+00    0.000E+00    0.000E+00
     1.025     0.090    0.518E+00    0.399E+00    0.135E+01    0.101E+00    0.121E+00    0.377E-01    0.377E-01    0.000E+00    0.000E+00    0.000E+00    0.000E+00
     1.025     0.100    0.537E+00    0.403E+00    0.134E+01    0.924E-01    0.116E+00    0.357E-01    0.357E-01    0.000E+00    0.000E+00    0.000E+00    0.000E+00
     1.025     0.110    0.555E+00    0.406E+00    0.132E+01    0.850E-01    0.112E+00    0.339E-01    0.339E-01    0.000E+00    0.000E+00    0.000E+00    0.000E+00
     1.025     0.120    0.573E+00    0.408E+00    0.129E+01    0.783E-01    0.108E+00    0.321E-01    0.321E-01    0.000E+00    0.000E+00    0.000E+00    0.000E+00
     1.025     0.130    0.589E+00    0.410E+00    0.126E+01    0.723E-01    0.103E+00    0.305E-01    0.305E-01    0.000E+00    0.000E+00    0.000E+00    0.000E+00
     1.025     0.140    0.605E+00    0.410E+00    0.123E+01    0.670E-01    0.991E-01    0.290E-01    0.290E-01    0.000E+00    0.000E+00    0.000E+00    0.000E+00
     1.025     0.150    0.620E+00    0.409E+00    0.120E+01    0.624E-01    0.947E-01    0.275E-01    0.275E-01    0.000E+00    0.000E+00    0.000E+00    0.000E+00
     1.025     0.160    0.634E+00    0.408E+00    0.116E+01    0.582E-01    0.903E-01    0.261E-01    0.261E-01    0.000E+00    0.000E+00    0.000E+00    0.000E+00
     1.025     0.170    0.647E+00    0.406E+00    0.112E+01    0.546E-01    0.858E-01    0.248E-01    0.248E-01    0.000E+00    0.000E+00    0.000E+00    0.000E+00
     1.025     0.180    0.659E+00    0.404E+00    0.107E+01    0.514E-01    0.813E-01    0.236E-01    0.236E-01    0.000E+00    0.000E+00    0.000E+00    0.000E+00
     1.025     0.190    0.669E+00    0.400E+00    0.103E+01    0.486E-01    0.769E-01    0.224E-01    0.224E-01    0.000E+00    0.000E+00    0.000E+00    0.000E+00
     1.025     0.200    0.679E+00    0.397E+00    0.987E+00    0.461E-01    0.725E-01    0.212E-01    0.212E-01    0.000E+00    0.000E+00    0.000E+00    0.000E+00
     1.025     0.210    0.687E+00    0.392E+00    0.942E+00    0.438E-01    0.682E-01    0.201E-01    0.201E-01    0.000E+00    0.000E+00    0.000E+00    0.000E+00
     1.025     0.220    0.694E+00    0.388E+00    0.898E+00    0.417E-01    0.640E-01    0.191E-01    0.191E-01    0.000E+00    0.000E+00    0.000E+00    0.000E+00
     1.025     0.230    0.700E+00    0.382E+00    0.854E+00    0.398E-01    0.600E-01    0.181E-01    0.181E-01    0.000E+00    0.000E+00    0.000E+00    0.000E+00
     1.025     0.240    0.704E+00    0.377E+00    0.811E+00    0.381E-01    0.561E-01    0.171E-01    0.171E-01    0.000E+00    0.000E+00    0.000E+00    0.000E+00
     1.025     0.250    0.707E+00    0.371E+00    0.767E+00    0.364E-01    0.524E-01    0.162E-01    0.162E-01    0.000E+00    0.000E+00    0.000E+00    0.000E+00
     1.025     0.260    0.709E+00    0.365E+00    0.725E+00    0.348E-01    0.488E-01    0.153E-01    0.153E-01    0.000E+00    0.000E+00    0.000E+00    0.000E+00
     1.025     0.270    0.710E+00    0.358E+00    0.684E+00    0.333E-01    0.454E-01    0.145E-01    0.145E-01    0.000E+00    0.000E+00    0.000E+00    0.000E+00
     1.025     0.280    0.709E+00    0.351E+00    0.644E+00    0.318E-01    0.422E-01    0.137E-01    0.137E-01    0.000E+00    0.000E+00    0.000E+00    0.000E+00
     1.025     0.290    0.707E+00    0.343E+00    0.604E+00    0.304E-01    0.392E-01    0.129E-01    0.129E-01    0.000E+00    0.000E+00    0.000E+00    0.000E+00
     1.025     0.300    0.704E+00    0.336E+00    0.567E+00    0.290E-01    0.364E-01    0.121E-01    0.121E-01    0.000E+00    0.000E+00    0.000E+00    0.000E+00
     1.025     0.310    0.700E+00    0.328E+00    0.530E+00    0.276E-01    0.337E-01    0.114E-01    0.114E-01    0.000E+00    0.000E+00    0.000E+00    0.000E+00
     1.025     0.320    0.695E+00    0.319E+00    0.495E+00    0.262E-01    0.313E-01    0.107E-01    0.107E-01    0.000E+00    0.000E+00    0.000E+00    0.000E+00
     1.025     0.330    0.689E+00    0.311E+00    0.461E+00    0.249E-01    0.290E-01    0.101E-01    0.101E-01    0.000E+00    0.000E+00    0.000E+00    0.000E+00
     1.025     0.340    0.681E+00    0.302E+00    0.429E+00    0.235E-01    0.269E-01    0.947E-02    0.947E-02    0.000E+00    0.000E+00    0.000E+00    0.000E+00
     1.025     0.350    0.673E+00    0.293E+00    0.398E+00    0.222E-01    0.249E-01    0.888E-02    0.888E-02    0.000E+00    0.000E+00    0.000E+00    0.000E+00
     1.025     0.360    0.664E+00    0.284E+00    0.368E+00    0.209E-01    0.230E-01    0.831E-02    0.831E-02    0.000E+00    0.000E+00    0.000E+00    0.000E+00
     1.025     0.370    0.654E+00    0.274E+00    0.340E+00    0.197E-01    0.213E-01    0.777E-02    0.777E-02    0.000E+00    0.000E+00    0.000E+00    0.000E+00
     1.025     0.380    0.643E+00    0.265E+00    0.314E+00    0.184E-01    0.197E-01    0.725E-02    0.725E-02    0.000E+00    0.000E+00    0.000E+00    0.000E+00
     1.025     0.390    0.631E+00    0.255E+00    0.289E+00    0.173E-01    0.182E-01    0.676E-02    0.676E-02    0.000E+00    0.000E+00    0.000E+00    0.000E+00
     1.025     0.400    0.619E+00    0.245E+00    0.265E+00    0.161E-01    0.169E-01    0.630E-02    0.630E-02    0.000E+00    0.000E+00    0.000E+00    0.000E+00
     1.025     0.410    0.606E+00    0.235E+00    0.243E+00    0.150E-01    0.156E-01    0.585E-02    0.585E-02    0.000E+00    0.000E+00    0.000E+00    0.000E+00
     1.025     0.420    0.592E+00    0.225E+00    0.222E+00    0.140E-01    0.144E-01    0.543E-02    0.543E-02    0.000E+00    0.000E+00    0.000E+00    0.000E+00
     1.025     0.430    0.578E+00    0.215E+00    0.202E+00    0.129E-01    0.132E-01    0.503E-02    0.503E-02    0.000E+00    0.000E+00    0.000E+00    0.000E+00
     1.025     0.440    0.563E+00    0.206E+00    0.184E+00    0.120E-01    0.122E-01    0.466E-02    0.466E-02    0.000E+00    0.000E+00    0.000E+00    0.000E+00
     1.025     0.450    0.548E+00    0.196E+00    0.167E+00    0.111E-01    0.112E-01    0.430E-02    0.430E-02    0.000E+00    0.000E+00    0.000E+00    0.000E+00
     1.025     0.460    0.533E+00    0.186E+00    0.151E+00    0.102E-01    0.103E-01    0.396E-02    0.396E-02    0.000E+00    0.000E+00    0.000E+00    0.000E+00
     1.025     0.470    0.517E+00    0.176E+00    0.136E+00    0.937E-02    0.945E-02    0.364E-02    0.364E-02    0.000E+00    0.000E+00    0.000E+00    0.000E+00
     1.025     0.480    0.501E+00    0.167E+00    0.123E+00    0.860E-02    0.865E-02    0.335E-02    0.335E-02    0.000E+00    0.000E+00    0.000E+00    0.000E+00
     1.025     0.490    0.484E+00    0.157E+00    0.110E+00    0.787E-02    0.790E-02    0.306E-02    0.306E-02    0.000E+00    0.000E+00    0.000E+00    0.000E+00
     1.025     0.500    0.468E+00    0.148E+00    0.986E-01    0.718E-02    0.721E-02    0.280E-02    0.280E-02    0.000E+00    0.000E+00    0.000E+00    0.000E+00
     1.025     0.510    0.451E+00    0.139E+00    0.880E-01    0.654E-02    0.656E-02    0.255E-02    0.255E-02    0.000E+00    0.000E+00    0.000E+00    0.000E+00
     1.025     0.520    0.434E+00    0.130E+00    0.783E-01    0.594E-02    0.595E-02    0.232E-02    0.232E-02    0.000E+00    0.000E+00    0.000E+00    0.000E+00
     1.025     0.530    0.417E+00    0.121E+00    0.695E-01    0.538E-02    0.539E-02    0.210E-02    0.210E-02    0.000E+00    0.000E+00    0.000E+00    0.000E+00
     1.025     0.540    0.400E+00    0.113E+00    0.614E-01    0.486E-02    0.486E-02    0.190E-02    0.190E-02    0.000E+00    0.000E+00    0.000E+00    0.000E+00
     1.025     0.550    0.383E+00    0.105E+00    0.541E-01    0.437E-02    0.438E-02    0.171E-02    0.171E-02    0.000E+00    0.000E+00    0.000E+00    0.000E+00
     1.025     0.560    0.366E+00    0.971E-01    0.475E-01    0.393E-02    0.393E-02    0.154E-02    0.154E-02    0.000E+00    0.000E+00    0.000E+00    0.000E+00
     1.025     0.570    0.349E+00    0.897E-01    0.416E-01    0.351E-02    0.351E-02    0.138E-02    0.138E-02    0.000E+00    0.000E+00    0.000E+00    0.000E+00
     1.025     0.580    0.332E+00    0.825E-01    0.362E-01    0.313E-02    0.313E-02    0.123E-02    0.123E-02    0.000E+00    0.000E+00    0.000E+00    0.000E+00
     1.025     0.590    0.316E+00    0.757E-01    0.314E-01    0.277E-02    0.278E-02    0.109E-02    0.109E-02    0.000E+00    0.000E+00    0.000E+00    0.000E+00
     1.025     0.600    0.299E+00    0.692E-01    0.272E-01    0.245E-02    0.245E-02    0.966E-03    0.966E-03    0.000E+00    0.000E+00    0.000E+00    0.000E+00
     1.025     0.610    0.283E+00    0.631E-01    0.234E-01    0.216E-02    0.216E-02    0.850E-03    0.850E-03    0.000E+00    0.000E+00    0.000E+00    0.000E+00
     1.025     0.620    0.267E+00    0.572E-01    0.200E-01    0.188E-02    0.188E-02    0.744E-03    0.744E-03    0.000E+00    0.000E+00    0.000E+00    0.000E+00
     1.025     0.630    0.251E+00    0.518E-01    0.170E-01    0.164E-02    0.164E-02    0.647E-03    0.647E-03    0.000E+00    0.000E+00    0.000E+00    0.000E+00
     1.025     0.640    0.236E+00    0.466E-01    0.144E-01    0.142E-02    0.142E-02    0.560E-03    0.560E-03    0.000E+00    0.000E+00    0.000E+00    0.000E+00
     1.025     0.650    0.221E+00    0.418E-01    0.122E-01    0.121E-02    0.121E-02    0.480E-03    0.480E-03    0.000E+00    0.000E+00    0.000E+00    0.000E+00
     1.025     0.660    0.206E+00    0.374E-01    0.102E-01    0.103E-02    0.103E-02    0.409E-03    0.409E-03    0.000E+00    0.000E+00    0.000E+00    0.000E+00
     1.025     0.670    0.192E+00    0.332E-01    0.850E-02    0.871E-03    0.871E-03    0.345E-03    0.345E-03    0.000E+00    0.000E+00    0.000E+00    0.000E+00
     1.025     0.680    0.179E+00    0.294E-01    0.703E-02    0.727E-03    0.727E-03    0.288E-03    0.288E-03    0.000E+00    0.000E+00    0.000E+00    0.000E+00
     1.025     0.690    0.165E+00    0.259E-01    0.577E-02    0.599E-03    0.599E-03    0.237E-03    0.237E-03    0.000E+00    0.000E+00    0.000E+00    0.000E+00
     1.025     0.700    0.152E+00    0.227E-01    0.471E-02    0.486E-03    0.486E-03    0.193E-03    0.193E-03    0.000E+00    0.000E+00    0.000E+00    0.000E+00
     1.025     0.710    0.140E+00    0.198E-01    0.380E-02    0.387E-03    0.387E-03    0.154E-03    0.154E-03    0.000E+00    0.000E+00    0.000E+00    0.000E+00
     1.025     0.720    0.128E+00    0.171E-01    0.305E-02    0.302E-03    0.302E-03    0.120E-03    0.120E-03    0.000E+00    0.000E+00    0.000E+00    0.000E+00
     1.025     0.730    0.117E+00    0.147E-01    0.242E-02    0.228E-03    0.228E-03    0.903E-04    0.903E-04    0.000E+00    0.000E+00    0.000E+00    0.000E+00
     1.025     0.740    0.106E+00    0.126E-01    0.190E-02    0.165E-03    0.165E-03    0.654E-04    0.654E-04    0.000E+00    0.000E+00    0.000E+00    0.000E+00
     1.025     0.750    0.959E-01    0.107E-01    0.148E-02    0.111E-03    0.111E-03    0.441E-04    0.441E-04    0.000E+00    0.000E+00    0.000E+00    0.000E+00
     1.025     0.760    0.862E-01    0.898E-02    0.113E-02    0.672E-04    0.672E-04    0.265E-04    0.265E-04    0.000E+00    0.000E+00    0.000E+00    0.000E+00
     1.025     0.770    0.770E-01    0.750E-02    0.857E-03    0.340E-04    0.340E-04    0.133E-04    0.133E-04    0.000E+00    0.000E+00    0.000E+00    0.000E+00
     1.025     0.780    0.685E-01    0.620E-02    0.637E-03    0.121E-04    0.121E-04    0.475E-05    0.475E-05    0.000E+00    0.000E+00    0.000E+00    0.000E+00
     1.025     0.790    0.604E-01    0.509E-02    0.468E-03    0.000E+00    0.000E+00    0.000E+00    0.000E+00    0.000E+00    0.000E+00    0.000E+00    0.000E+00
     1.025     0.800    0.530E-01    0.415E-02    0.335E-03    0.000E+00    0.000E+00    0.000E+00    0.000E+00    0.000E+00    0.000E+00    0.000E+00    0.000E+00
     1.025     0.810    0.461E-01    0.336E-02    0.235E-03    0.000E+00    0.000E+00    0.000E+00    0.000E+00    0.000E+00    0.000E+00    0.000E+00    0.000E+00
     1.025     0.820    0.398E-01    0.268E-02    0.160E-03    0.000E+00    0.000E+00    0.000E+00    0.000E+00    0.000E+00    0.000E+00    0.000E+00    0.000E+00
     1.025     0.830    0.340E-01    0.211E-02    0.106E-03    0.000E+00    0.000E+00    0.000E+00    0.000E+00    0.000E+00    0.000E+00    0.000E+00    0.000E+00
     1.025     0.840    0.287E-01    0.164E-02    0.677E-04    0.000E+00    0.000E+00    0.000E+00    0.000E+00    0.000E+00    0.000E+00    0.000E+00    0.000E+00
     1.025     0.850    0.240E-01    0.125E-02    0.408E-04    0.000E+00    0.000E+00    0.000E+00    0.000E+00    0.000E+00    0.000E+00    0.000E+00    0.000E+00
     1.025     0.860    0.198E-01    0.945E-03    0.234E-04    0.000E+00    0.000E+00    0.000E+00    0.000E+00    0.000E+00    0.000E+00    0.000E+00    0.000E+00
     1.025     0.870    0.160E-01    0.698E-03    0.118E-04    0.000E+00    0.000E+00    0.000E+00    0.000E+00    0.000E+00    0.000E+00    0.000E+00    0.000E+00
     1.025     0.880    0.128E-01    0.506E-03    0.516E-05    0.000E+00    0.000E+00    0.000E+00    0.000E+00    0.000E+00    0.000E+00    0.000E+00    0.000E+00
     1.025     0.890    0.995E-02    0.358E-03    0.132E-05    0.000E+00    0.000E+00    0.000E+00    0.000E+00    0.000E+00    0.000E+00    0.000E+00    0.000E+00
     1.025     0.900    0.756E-02    0.247E-03    0.000E+00    0.000E+00    0.000E+00    0.000E+00    0.000E+00    0.000E+00    0.000E+00    0.000E+00    0.000E+00
     1.025     0.910    0.557E-02    0.165E-03    0.000E+00    0.000E+00    0.000E+00    0.000E+00    0.000E+00    0.000E+00    0.000E+00    0.000E+00    0.000E+00
     1.025     0.920    0.395E-02    0.106E-03    0.000E+00    0.000E+00    0.000E+00    0.000E+00    0.000E+00    0.000E+00    0.000E+00    0.000E+00    0.000E+00
     1.025     0.930    0.267E-02    0.659E-04    0.000E+00    0.000E+00    0.000E+00    0.000E+00    0.000E+00    0.000E+00    0.000E+00    0.000E+00    0.000E+00
     1.025     0.940    0.170E-02    0.378E-04    0.000E+00    0.000E+00    0.000E+00    0.000E+00    0.000E+00    0.000E+00    0.000E+00    0.000E+00    0.000E+00
     1.025     0.950    0.978E-03    0.203E-04    0.000E+00    0.000E+00    0.000E+00    0.000E+00    0.000E+00    0.000E+00    0.000E+00    0.000E+00    0.000E+00
     1.025     0.960    0.454E-03    0.867E-05    0.000E+00    0.623E-07    0.623E-07    0.249E-07    0.249E-07    0.000E+00    0.000E+00    0.000E+00    0.000E+00
     1.025     0.970    0.109E-03    0.183E-05    0.000E+00    0.150E-06    0.150E-06    0.599E-07    0.599E-07    0.605E-12    0.605E-12    0.000E+00    0.000E+00
     1.025     0.980    0.000E+00    0.000E+00    0.156E-07    0.199E-06    0.199E-06    0.795E-07    0.795E-07    0.000E+00    0.000E+00    0.000E+00    0.000E+00
     1.025     0.990    0.000E+00    0.000E+00    0.198E-07    0.164E-06    0.164E-06    0.657E-07    0.657E-07    0.000E+00    0.000E+00    0.000E+00    0.000E+00

