     Q**2          x         u           d           g          ub          db          sb          s          cb          c          bb          b
     6.065     0.010    0.440E+00    0.405E+00    0.421E+01    0.277E+00    0.298E+00    0.153E+00    0.153E+00    0.625E-01    0.625E-01    0.000E+00    0.000E+00
     6.065     0.020    0.449E+00    0.406E+00    0.324E+01    0.228E+00    0.247E+00    0.124E+00    0.124E+00    0.487E-01    0.487E-01    0.000E+00    0.000E+00
     6.065     0.030    0.467E+00    0.409E+00    0.272E+01    0.199E+00    0.214E+00    0.107E+00    0.107E+00    0.406E-01    0.406E-01    0.000E+00    0.000E+00
     6.065     0.040    0.486E+00    0.411E+00    0.241E+01    0.179E+00    0.192E+00    0.954E-01    0.954E-01    0.353E-01    0.353E-01    0.000E+00    0.000E+00
     6.065     0.050    0.504E+00    0.412E+00    0.216E+01    0.161E+00    0.175E+00    0.858E-01    0.858E-01    0.309E-01    0.309E-01    0.000E+00    0.000E+00
     6.065     0.060    0.521E+00    0.412E+00    0.196E+01    0.146E+00    0.162E+00    0.780E-01    0.780E-01    0.275E-01    0.275E-01    0.000E+00    0.000E+00
     6.065     0.070    0.536E+00    0.412E+00    0.179E+01    0.132E+00    0.151E+00    0.712E-01    0.712E-01    0.245E-01    0.245E-01    0.000E+00    0.000E+00
     6.065     0.080    0.549E+00    0.410E+00    0.165E+01    0.119E+00    0.141E+00    0.652E-01    0.652E-01    0.220E-01    0.220E-01    0.000E+00    0.000E+00
     6.065     0.090    0.562E+00    0.408E+00    0.152E+01    0.108E+00    0.133E+00    0.599E-01    0.599E-01    0.197E-01    0.197E-01    0.000E+00    0.000E+00
     6.065     0.100    0.573E+00    0.404E+00    0.140E+01    0.978E-01    0.125E+00    0.552E-01    0.552E-01    0.178E-01    0.178E-01    0.000E+00    0.000E+00
     6.065     0.110    0.583E+00    0.400E+00    0.130E+01    0.890E-01    0.117E+00    0.509E-01    0.509E-01    0.160E-01    0.160E-01    0.000E+00    0.000E+00
     6.065     0.120    0.593E+00    0.396E+00    0.120E+01    0.812E-01    0.110E+00    0.470E-01    0.470E-01    0.145E-01    0.145E-01    0.000E+00    0.000E+00
     6.065     0.130    0.601E+00    0.390E+00    0.111E+01    0.743E-01    0.104E+00    0.435E-01    0.435E-01    0.131E-01    0.131E-01    0.000E+00    0.000E+00
     6.065     0.140    0.608E+00    0.385E+00    0.103E+01    0.683E-01    0.973E-01    0.402E-01    0.402E-01    0.118E-01    0.118E-01    0.000E+00    0.000E+00
     6.065     0.150    0.614E+00    0.378E+00    0.958E+00    0.630E-01    0.911E-01    0.372E-01    0.372E-01    0.107E-01    0.107E-01    0.000E+00    0.000E+00
     6.065     0.160    0.619E+00    0.371E+00    0.887E+00    0.583E-01    0.851E-01    0.345E-01    0.345E-01    0.968E-02    0.968E-02    0.000E+00    0.000E+00
     6.065     0.170    0.623E+00    0.364E+00    0.822E+00    0.542E-01    0.794E-01    0.320E-01    0.320E-01    0.875E-02    0.875E-02    0.000E+00    0.000E+00
     6.065     0.180    0.625E+00    0.357E+00    0.761E+00    0.504E-01    0.739E-01    0.296E-01    0.296E-01    0.790E-02    0.790E-02    0.000E+00    0.000E+00
     6.065     0.190    0.626E+00    0.349E+00    0.704E+00    0.471E-01    0.686E-01    0.274E-01    0.274E-01    0.714E-02    0.714E-02    0.000E+00    0.000E+00
     6.065     0.200    0.627E+00    0.341E+00    0.651E+00    0.441E-01    0.637E-01    0.254E-01    0.254E-01    0.644E-02    0.644E-02    0.000E+00    0.000E+00
     6.065     0.210    0.626E+00    0.333E+00    0.601E+00    0.413E-01    0.589E-01    0.235E-01    0.235E-01    0.581E-02    0.581E-02    0.000E+00    0.000E+00
     6.065     0.220    0.624E+00    0.325E+00    0.555E+00    0.388E-01    0.545E-01    0.218E-01    0.218E-01    0.524E-02    0.524E-02    0.000E+00    0.000E+00
     6.065     0.230    0.621E+00    0.317E+00    0.511E+00    0.365E-01    0.503E-01    0.202E-01    0.202E-01    0.471E-02    0.471E-02    0.000E+00    0.000E+00
     6.065     0.240    0.617E+00    0.308E+00    0.471E+00    0.343E-01    0.464E-01    0.187E-01    0.187E-01    0.424E-02    0.424E-02    0.000E+00    0.000E+00
     6.065     0.250    0.611E+00    0.299E+00    0.433E+00    0.323E-01    0.428E-01    0.173E-01    0.173E-01    0.381E-02    0.381E-02    0.000E+00    0.000E+00
     6.065     0.260    0.605E+00    0.291E+00    0.398E+00    0.304E-01    0.394E-01    0.160E-01    0.160E-01    0.342E-02    0.342E-02    0.000E+00    0.000E+00
     6.065     0.270    0.598E+00    0.282E+00    0.366E+00    0.286E-01    0.362E-01    0.148E-01    0.148E-01    0.307E-02    0.307E-02    0.000E+00    0.000E+00
     6.065     0.280    0.591E+00    0.273E+00    0.335E+00    0.269E-01    0.333E-01    0.137E-01    0.137E-01    0.275E-02    0.275E-02    0.000E+00    0.000E+00
     6.065     0.290    0.582E+00    0.264E+00    0.307E+00    0.252E-01    0.305E-01    0.126E-01    0.126E-01    0.246E-02    0.246E-02    0.000E+00    0.000E+00
     6.065     0.300    0.573E+00    0.255E+00    0.281E+00    0.237E-01    0.280E-01    0.117E-01    0.117E-01    0.219E-02    0.219E-02    0.000E+00    0.000E+00
     6.065     0.310    0.563E+00    0.246E+00    0.257E+00    0.222E-01    0.257E-01    0.108E-01    0.108E-01    0.196E-02    0.196E-02    0.000E+00    0.000E+00
     6.065     0.320    0.552E+00    0.236E+00    0.234E+00    0.207E-01    0.236E-01    0.991E-02    0.991E-02    0.174E-02    0.174E-02    0.000E+00    0.000E+00
     6.065     0.330    0.541E+00    0.227E+00    0.213E+00    0.193E-01    0.217E-01    0.913E-02    0.913E-02    0.155E-02    0.155E-02    0.000E+00    0.000E+00
     6.065     0.340    0.529E+00    0.218E+00    0.194E+00    0.180E-01    0.199E-01    0.840E-02    0.840E-02    0.138E-02    0.138E-02    0.000E+00    0.000E+00
     6.065     0.350    0.516E+00    0.209E+00    0.176E+00    0.168E-01    0.182E-01    0.773E-02    0.773E-02    0.122E-02    0.122E-02    0.000E+00    0.000E+00
     6.065     0.360    0.504E+00    0.200E+00    0.160E+00    0.156E-01    0.167E-01    0.710E-02    0.710E-02    0.108E-02    0.108E-02    0.000E+00    0.000E+00
     6.065     0.370    0.490E+00    0.191E+00    0.145E+00    0.144E-01    0.153E-01    0.652E-02    0.652E-02    0.954E-03    0.954E-03    0.000E+00    0.000E+00
     6.065     0.380    0.477E+00    0.182E+00    0.131E+00    0.133E-01    0.140E-01    0.597E-02    0.597E-02    0.842E-03    0.842E-03    0.000E+00    0.000E+00
     6.065     0.390    0.463E+00    0.174E+00    0.118E+00    0.123E-01    0.128E-01    0.547E-02    0.547E-02    0.741E-03    0.741E-03    0.000E+00    0.000E+00
     6.065     0.400    0.449E+00    0.165E+00    0.106E+00    0.114E-01    0.117E-01    0.501E-02    0.501E-02    0.651E-03    0.651E-03    0.000E+00    0.000E+00
     6.065     0.410    0.435E+00    0.157E+00    0.956E-01    0.104E-01    0.107E-01    0.458E-02    0.458E-02    0.571E-03    0.571E-03    0.000E+00    0.000E+00
     6.065     0.420    0.420E+00    0.148E+00    0.858E-01    0.959E-02    0.979E-02    0.418E-02    0.418E-02    0.499E-03    0.499E-03    0.000E+00    0.000E+00
     6.065     0.430    0.406E+00    0.140E+00    0.769E-01    0.879E-02    0.893E-02    0.381E-02    0.381E-02    0.436E-03    0.436E-03    0.000E+00    0.000E+00
     6.065     0.440    0.391E+00    0.132E+00    0.687E-01    0.804E-02    0.814E-02    0.346E-02    0.346E-02    0.380E-03    0.380E-03    0.000E+00    0.000E+00
     6.065     0.450    0.377E+00    0.124E+00    0.613E-01    0.734E-02    0.741E-02    0.315E-02    0.315E-02    0.330E-03    0.330E-03    0.000E+00    0.000E+00
     6.065     0.460    0.362E+00    0.117E+00    0.546E-01    0.668E-02    0.674E-02    0.286E-02    0.286E-02    0.287E-03    0.287E-03    0.000E+00    0.000E+00
     6.065     0.470    0.347E+00    0.109E+00    0.486E-01    0.608E-02    0.611E-02    0.259E-02    0.259E-02    0.248E-03    0.248E-03    0.000E+00    0.000E+00
     6.065     0.480    0.333E+00    0.102E+00    0.431E-01    0.551E-02    0.554E-02    0.234E-02    0.234E-02    0.214E-03    0.214E-03    0.000E+00    0.000E+00
     6.065     0.490    0.319E+00    0.952E-01    0.381E-01    0.499E-02    0.501E-02    0.211E-02    0.211E-02    0.184E-03    0.184E-03    0.000E+00    0.000E+00
     6.065     0.500    0.304E+00    0.885E-01    0.336E-01    0.451E-02    0.452E-02    0.190E-02    0.190E-02    0.158E-03    0.158E-03    0.000E+00    0.000E+00
     6.065     0.510    0.290E+00    0.821E-01    0.296E-01    0.406E-02    0.407E-02    0.171E-02    0.171E-02    0.135E-03    0.135E-03    0.000E+00    0.000E+00
     6.065     0.520    0.276E+00    0.760E-01    0.260E-01    0.365E-02    0.366E-02    0.153E-02    0.153E-02    0.115E-03    0.115E-03    0.000E+00    0.000E+00
     6.065     0.530    0.262E+00    0.701E-01    0.228E-01    0.327E-02    0.328E-02    0.137E-02    0.137E-02    0.982E-04    0.982E-04    0.000E+00    0.000E+00
     6.065     0.540    0.249E+00    0.645E-01    0.199E-01    0.293E-02    0.293E-02    0.122E-02    0.122E-02    0.833E-04    0.833E-04    0.000E+00    0.000E+00
     6.065     0.550    0.236E+00    0.592E-01    0.174E-01    0.261E-02    0.261E-02    0.109E-02    0.109E-02    0.704E-04    0.704E-04    0.000E+00    0.000E+00
     6.065     0.560    0.223E+00    0.541E-01    0.151E-01    0.232E-02    0.232E-02    0.963E-03    0.963E-03    0.593E-04    0.593E-04    0.000E+00    0.000E+00
     6.065     0.570    0.210E+00    0.493E-01    0.131E-01    0.205E-02    0.205E-02    0.850E-03    0.850E-03    0.498E-04    0.498E-04    0.000E+00    0.000E+00
     6.065     0.580    0.198E+00    0.448E-01    0.113E-01    0.181E-02    0.181E-02    0.749E-03    0.749E-03    0.416E-04    0.416E-04    0.000E+00    0.000E+00
     6.065     0.590    0.185E+00    0.406E-01    0.975E-02    0.159E-02    0.159E-02    0.657E-03    0.657E-03    0.347E-04    0.347E-04    0.000E+00    0.000E+00
     6.065     0.600    0.174E+00    0.367E-01    0.837E-02    0.139E-02    0.139E-02    0.574E-03    0.574E-03    0.288E-04    0.288E-04    0.000E+00    0.000E+00
     6.065     0.610    0.162E+00    0.330E-01    0.717E-02    0.121E-02    0.121E-02    0.499E-03    0.499E-03    0.238E-04    0.238E-04    0.000E+00    0.000E+00
     6.065     0.620    0.151E+00    0.295E-01    0.611E-02    0.105E-02    0.105E-02    0.431E-03    0.431E-03    0.196E-04    0.196E-04    0.000E+00    0.000E+00
     6.065     0.630    0.141E+00    0.264E-01    0.520E-02    0.903E-03    0.903E-03    0.371E-03    0.371E-03    0.160E-04    0.160E-04    0.000E+00    0.000E+00
     6.065     0.640    0.131E+00    0.234E-01    0.440E-02    0.773E-03    0.773E-03    0.317E-03    0.317E-03    0.131E-04    0.131E-04    0.000E+00    0.000E+00
     6.065     0.650    0.121E+00    0.207E-01    0.371E-02    0.657E-03    0.657E-03    0.269E-03    0.269E-03    0.106E-04    0.106E-04    0.000E+00    0.000E+00
     6.065     0.660    0.111E+00    0.182E-01    0.312E-02    0.554E-03    0.554E-03    0.227E-03    0.227E-03    0.854E-05    0.854E-05    0.000E+00    0.000E+00
     6.065     0.670    0.102E+00    0.160E-01    0.261E-02    0.463E-03    0.463E-03    0.189E-03    0.189E-03    0.685E-05    0.685E-05    0.000E+00    0.000E+00
     6.065     0.680    0.939E-01    0.139E-01    0.217E-02    0.383E-03    0.383E-03    0.156E-03    0.156E-03    0.546E-05    0.546E-05    0.000E+00    0.000E+00
     6.065     0.690    0.858E-01    0.121E-01    0.180E-02    0.313E-03    0.313E-03    0.128E-03    0.128E-03    0.433E-05    0.433E-05    0.000E+00    0.000E+00
     6.065     0.700    0.780E-01    0.104E-01    0.148E-02    0.252E-03    0.252E-03    0.103E-03    0.103E-03    0.341E-05    0.341E-05    0.000E+00    0.000E+00
     6.065     0.710    0.707E-01    0.891E-02    0.122E-02    0.199E-03    0.199E-03    0.814E-04    0.814E-04    0.266E-05    0.266E-05    0.000E+00    0.000E+00
     6.065     0.720    0.639E-01    0.758E-02    0.994E-03    0.155E-03    0.155E-03    0.631E-04    0.631E-04    0.207E-05    0.207E-05    0.000E+00    0.000E+00
     6.065     0.730    0.574E-01    0.641E-02    0.806E-03    0.116E-03    0.116E-03    0.475E-04    0.475E-04    0.159E-05    0.159E-05    0.000E+00    0.000E+00
     6.065     0.740    0.513E-01    0.537E-02    0.650E-03    0.843E-04    0.843E-04    0.345E-04    0.345E-04    0.122E-05    0.122E-05    0.000E+00    0.000E+00
     6.065     0.750    0.457E-01    0.447E-02    0.521E-03    0.576E-04    0.576E-04    0.236E-04    0.236E-04    0.921E-06    0.921E-06    0.000E+00    0.000E+00
     6.065     0.760    0.404E-01    0.368E-02    0.415E-03    0.358E-04    0.358E-04    0.147E-04    0.147E-04    0.691E-06    0.691E-06    0.000E+00    0.000E+00
     6.065     0.770    0.355E-01    0.300E-02    0.328E-03    0.190E-04    0.190E-04    0.789E-05    0.789E-05    0.514E-06    0.514E-06    0.000E+00    0.000E+00
     6.065     0.780    0.311E-01    0.243E-02    0.257E-03    0.706E-05    0.706E-05    0.295E-05    0.295E-05    0.377E-06    0.377E-06    0.000E+00    0.000E+00
     6.065     0.790    0.270E-01    0.194E-02    0.200E-03    0.000E+00    0.000E+00    0.000E+00    0.000E+00    0.275E-06    0.275E-06    0.000E+00    0.000E+00
     6.065     0.800    0.232E-01    0.154E-02    0.154E-03    0.000E+00    0.000E+00    0.000E+00    0.000E+00    0.197E-06    0.197E-06    0.000E+00    0.000E+00
     6.065     0.810    0.198E-01    0.121E-02    0.117E-03    0.000E+00    0.000E+00    0.000E+00    0.000E+00    0.140E-06    0.140E-06    0.000E+00    0.000E+00
     6.065     0.820    0.168E-01    0.932E-03    0.884E-04    0.000E+00    0.000E+00    0.000E+00    0.000E+00    0.972E-07    0.972E-07    0.000E+00    0.000E+00
     6.065     0.830    0.141E-01    0.708E-03    0.658E-04    0.000E+00    0.000E+00    0.000E+00    0.000E+00    0.667E-07    0.667E-07    0.000E+00    0.000E+00
     6.065     0.840    0.116E-01    0.529E-03    0.484E-04    0.000E+00    0.000E+00    0.000E+00    0.000E+00    0.451E-07    0.451E-07    0.000E+00    0.000E+00
     6.065     0.850    0.950E-02    0.387E-03    0.349E-04    0.000E+00    0.000E+00    0.000E+00    0.000E+00    0.296E-07    0.296E-07    0.000E+00    0.000E+00
     6.065     0.860    0.764E-02    0.278E-03    0.249E-04    0.000E+00    0.000E+00    0.000E+00    0.000E+00    0.193E-07    0.193E-07    0.000E+00    0.000E+00
     6.065     0.870    0.605E-02    0.194E-03    0.172E-04    0.000E+00    0.000E+00    0.000E+00    0.000E+00    0.120E-07    0.120E-07    0.000E+00    0.000E+00
     6.065     0.880    0.469E-02    0.132E-03    0.117E-04    0.000E+00    0.000E+00    0.000E+00    0.000E+00    0.736E-08    0.736E-08    0.000E+00    0.000E+00
     6.065     0.890    0.355E-02    0.866E-04    0.769E-05    0.000E+00    0.000E+00    0.000E+00    0.000E+00    0.428E-08    0.428E-08    0.000E+00    0.000E+00
     6.065     0.900    0.261E-02    0.547E-04    0.488E-05    0.000E+00    0.000E+00    0.000E+00    0.000E+00    0.239E-08    0.239E-08    0.000E+00    0.000E+00
     6.065     0.910    0.186E-02    0.331E-04    0.298E-05    0.000E+00    0.000E+00    0.000E+00    0.000E+00    0.129E-08    0.129E-08    0.000E+00    0.000E+00
     6.065     0.920    0.127E-02    0.188E-04    0.170E-05    0.000E+00    0.000E+00    0.000E+00    0.000E+00    0.613E-09    0.613E-09    0.000E+00    0.000E+00
     6.065     0.930    0.825E-03    0.103E-04    0.935E-06    0.000E+00    0.000E+00    0.000E+00    0.000E+00    0.308E-09    0.308E-09    0.000E+00    0.000E+00
     6.065     0.940    0.498E-03    0.480E-05    0.439E-06    0.000E+00    0.000E+00    0.000E+00    0.000E+00    0.111E-09    0.111E-09    0.000E+00    0.000E+00
     6.065     0.950    0.272E-03    0.214E-05    0.192E-06    0.000E+00    0.000E+00    0.000E+00    0.000E+00    0.465E-10    0.465E-10    0.000E+00    0.000E+00
     6.065     0.960    0.119E-03    0.687E-06    0.585E-07    0.172E-07    0.172E-07    0.689E-08    0.689E-08    0.135E-10    0.135E-10    0.000E+00    0.000E+00
     6.065     0.970    0.262E-04    0.619E-07    0.421E-08    0.414E-07    0.414E-07    0.166E-07    0.166E-07    0.000E+00    0.000E+00    0.000E+00    0.000E+00
     6.065     0.980    0.000E+00    0.388E-07    0.463E-08    0.549E-07    0.549E-07    0.220E-07    0.220E-07    0.358E-11    0.358E-11    0.000E+00    0.000E+00
     6.065     0.990    0.000E+00    0.173E-06    0.178E-07    0.454E-07    0.454E-07    0.182E-07    0.182E-07    0.934E-11    0.934E-11    0.000E+00    0.000E+00

