     Q**2          x         u           d           g          ub          db          sb          s          cb          c          bb          b
     6.065     0.010    0.444E+00    0.391E+00    0.418E+01    0.275E+00    0.296E+00    0.170E+00    0.170E+00    0.931E-01    0.931E-01    0.000E+00    0.000E+00
     6.065     0.020    0.477E+00    0.408E+00    0.363E+01    0.229E+00    0.250E+00    0.137E+00    0.137E+00    0.682E-01    0.682E-01    0.000E+00    0.000E+00
     6.065     0.030    0.512E+00    0.424E+00    0.320E+01    0.202E+00    0.222E+00    0.117E+00    0.117E+00    0.529E-01    0.529E-01    0.000E+00    0.000E+00
     6.065     0.040    0.543E+00    0.436E+00    0.285E+01    0.183E+00    0.203E+00    0.103E+00    0.103E+00    0.428E-01    0.428E-01    0.000E+00    0.000E+00
     6.065     0.050    0.569E+00    0.443E+00    0.253E+01    0.166E+00    0.188E+00    0.917E-01    0.917E-01    0.349E-01    0.349E-01    0.000E+00    0.000E+00
     6.065     0.060    0.591E+00    0.447E+00    0.225E+01    0.151E+00    0.176E+00    0.826E-01    0.826E-01    0.289E-01    0.289E-01    0.000E+00    0.000E+00
     6.065     0.070    0.609E+00    0.448E+00    0.201E+01    0.136E+00    0.166E+00    0.749E-01    0.749E-01    0.242E-01    0.242E-01    0.000E+00    0.000E+00
     6.065     0.080    0.624E+00    0.447E+00    0.179E+01    0.123E+00    0.156E+00    0.682E-01    0.682E-01    0.204E-01    0.204E-01    0.000E+00    0.000E+00
     6.065     0.090    0.637E+00    0.445E+00    0.160E+01    0.112E+00    0.148E+00    0.623E-01    0.623E-01    0.173E-01    0.173E-01    0.000E+00    0.000E+00
     6.065     0.100    0.648E+00    0.440E+00    0.143E+01    0.101E+00    0.140E+00    0.570E-01    0.570E-01    0.147E-01    0.147E-01    0.000E+00    0.000E+00
     6.065     0.110    0.658E+00    0.435E+00    0.128E+01    0.915E-01    0.132E+00    0.522E-01    0.522E-01    0.126E-01    0.126E-01    0.000E+00    0.000E+00
     6.065     0.120    0.665E+00    0.429E+00    0.115E+01    0.831E-01    0.124E+00    0.479E-01    0.479E-01    0.109E-01    0.109E-01    0.000E+00    0.000E+00
     6.065     0.130    0.671E+00    0.422E+00    0.103E+01    0.758E-01    0.116E+00    0.439E-01    0.439E-01    0.947E-02    0.947E-02    0.000E+00    0.000E+00
     6.065     0.140    0.676E+00    0.414E+00    0.926E+00    0.693E-01    0.108E+00    0.403E-01    0.403E-01    0.825E-02    0.825E-02    0.000E+00    0.000E+00
     6.065     0.150    0.679E+00    0.406E+00    0.835E+00    0.636E-01    0.998E-01    0.370E-01    0.370E-01    0.723E-02    0.723E-02    0.000E+00    0.000E+00
     6.065     0.160    0.681E+00    0.397E+00    0.755E+00    0.585E-01    0.921E-01    0.340E-01    0.340E-01    0.636E-02    0.636E-02    0.000E+00    0.000E+00
     6.065     0.170    0.681E+00    0.388E+00    0.684E+00    0.540E-01    0.848E-01    0.311E-01    0.311E-01    0.562E-02    0.562E-02    0.000E+00    0.000E+00
     6.065     0.180    0.680E+00    0.379E+00    0.621E+00    0.499E-01    0.777E-01    0.285E-01    0.285E-01    0.498E-02    0.498E-02    0.000E+00    0.000E+00
     6.065     0.190    0.678E+00    0.370E+00    0.566E+00    0.462E-01    0.710E-01    0.261E-01    0.261E-01    0.442E-02    0.442E-02    0.000E+00    0.000E+00
     6.065     0.200    0.675E+00    0.361E+00    0.516E+00    0.428E-01    0.647E-01    0.239E-01    0.239E-01    0.395E-02    0.395E-02    0.000E+00    0.000E+00
     6.065     0.210    0.670E+00    0.352E+00    0.473E+00    0.397E-01    0.587E-01    0.218E-01    0.218E-01    0.353E-02    0.353E-02    0.000E+00    0.000E+00
     6.065     0.220    0.664E+00    0.342E+00    0.433E+00    0.368E-01    0.531E-01    0.199E-01    0.199E-01    0.316E-02    0.316E-02    0.000E+00    0.000E+00
     6.065     0.230    0.657E+00    0.332E+00    0.398E+00    0.340E-01    0.479E-01    0.181E-01    0.181E-01    0.284E-02    0.284E-02    0.000E+00    0.000E+00
     6.065     0.240    0.649E+00    0.323E+00    0.367E+00    0.315E-01    0.432E-01    0.165E-01    0.165E-01    0.255E-02    0.255E-02    0.000E+00    0.000E+00
     6.065     0.250    0.640E+00    0.313E+00    0.339E+00    0.291E-01    0.388E-01    0.149E-01    0.149E-01    0.229E-02    0.229E-02    0.000E+00    0.000E+00
     6.065     0.260    0.630E+00    0.303E+00    0.313E+00    0.268E-01    0.347E-01    0.135E-01    0.135E-01    0.206E-02    0.206E-02    0.000E+00    0.000E+00
     6.065     0.270    0.620E+00    0.293E+00    0.290E+00    0.246E-01    0.311E-01    0.123E-01    0.123E-01    0.186E-02    0.186E-02    0.000E+00    0.000E+00
     6.065     0.280    0.608E+00    0.283E+00    0.269E+00    0.226E-01    0.278E-01    0.111E-01    0.111E-01    0.167E-02    0.167E-02    0.000E+00    0.000E+00
     6.065     0.290    0.596E+00    0.273E+00    0.249E+00    0.207E-01    0.248E-01    0.999E-02    0.999E-02    0.151E-02    0.151E-02    0.000E+00    0.000E+00
     6.065     0.300    0.583E+00    0.263E+00    0.231E+00    0.188E-01    0.220E-01    0.899E-02    0.899E-02    0.135E-02    0.135E-02    0.000E+00    0.000E+00
     6.065     0.310    0.569E+00    0.252E+00    0.215E+00    0.171E-01    0.196E-01    0.808E-02    0.808E-02    0.122E-02    0.122E-02    0.000E+00    0.000E+00
     6.065     0.320    0.555E+00    0.242E+00    0.200E+00    0.155E-01    0.174E-01    0.724E-02    0.724E-02    0.109E-02    0.109E-02    0.000E+00    0.000E+00
     6.065     0.330    0.541E+00    0.232E+00    0.186E+00    0.140E-01    0.154E-01    0.648E-02    0.648E-02    0.981E-03    0.981E-03    0.000E+00    0.000E+00
     6.065     0.340    0.526E+00    0.222E+00    0.172E+00    0.126E-01    0.137E-01    0.578E-02    0.578E-02    0.878E-03    0.878E-03    0.000E+00    0.000E+00
     6.065     0.350    0.511E+00    0.211E+00    0.160E+00    0.113E-01    0.121E-01    0.515E-02    0.515E-02    0.785E-03    0.785E-03    0.000E+00    0.000E+00
     6.065     0.360    0.495E+00    0.201E+00    0.149E+00    0.101E-01    0.107E-01    0.458E-02    0.458E-02    0.700E-03    0.700E-03    0.000E+00    0.000E+00
     6.065     0.370    0.480E+00    0.191E+00    0.138E+00    0.901E-02    0.943E-02    0.406E-02    0.406E-02    0.623E-03    0.623E-03    0.000E+00    0.000E+00
     6.065     0.380    0.464E+00    0.181E+00    0.128E+00    0.800E-02    0.830E-02    0.359E-02    0.359E-02    0.554E-03    0.554E-03    0.000E+00    0.000E+00
     6.065     0.390    0.448E+00    0.171E+00    0.118E+00    0.708E-02    0.729E-02    0.317E-02    0.317E-02    0.491E-03    0.491E-03    0.000E+00    0.000E+00
     6.065     0.400    0.432E+00    0.161E+00    0.109E+00    0.625E-02    0.640E-02    0.279E-02    0.279E-02    0.433E-03    0.433E-03    0.000E+00    0.000E+00
     6.065     0.410    0.415E+00    0.152E+00    0.101E+00    0.550E-02    0.560E-02    0.245E-02    0.245E-02    0.382E-03    0.382E-03    0.000E+00    0.000E+00
     6.065     0.420    0.399E+00    0.142E+00    0.928E-01    0.482E-02    0.489E-02    0.214E-02    0.214E-02    0.335E-03    0.335E-03    0.000E+00    0.000E+00
     6.065     0.430    0.383E+00    0.133E+00    0.853E-01    0.421E-02    0.426E-02    0.187E-02    0.187E-02    0.294E-03    0.294E-03    0.000E+00    0.000E+00
     6.065     0.440    0.367E+00    0.124E+00    0.783E-01    0.367E-02    0.370E-02    0.163E-02    0.163E-02    0.256E-03    0.256E-03    0.000E+00    0.000E+00
     6.065     0.450    0.351E+00    0.116E+00    0.717E-01    0.319E-02    0.321E-02    0.141E-02    0.141E-02    0.223E-03    0.223E-03    0.000E+00    0.000E+00
     6.065     0.460    0.336E+00    0.108E+00    0.655E-01    0.276E-02    0.277E-02    0.122E-02    0.122E-02    0.193E-03    0.193E-03    0.000E+00    0.000E+00
     6.065     0.470    0.320E+00    0.996E-01    0.597E-01    0.238E-02    0.239E-02    0.105E-02    0.105E-02    0.167E-03    0.167E-03    0.000E+00    0.000E+00
     6.065     0.480    0.305E+00    0.920E-01    0.543E-01    0.205E-02    0.205E-02    0.905E-03    0.905E-03    0.143E-03    0.143E-03    0.000E+00    0.000E+00
     6.065     0.490    0.290E+00    0.848E-01    0.492E-01    0.175E-02    0.175E-02    0.775E-03    0.775E-03    0.123E-03    0.123E-03    0.000E+00    0.000E+00
     6.065     0.500    0.275E+00    0.779E-01    0.445E-01    0.150E-02    0.150E-02    0.661E-03    0.661E-03    0.105E-03    0.105E-03    0.000E+00    0.000E+00
     6.065     0.510    0.260E+00    0.713E-01    0.401E-01    0.127E-02    0.127E-02    0.562E-03    0.562E-03    0.886E-04    0.886E-04    0.000E+00    0.000E+00
     6.065     0.520    0.246E+00    0.652E-01    0.361E-01    0.108E-02    0.108E-02    0.476E-03    0.476E-03    0.748E-04    0.748E-04    0.000E+00    0.000E+00
     6.065     0.530    0.232E+00    0.593E-01    0.323E-01    0.908E-03    0.908E-03    0.401E-03    0.401E-03    0.627E-04    0.627E-04    0.000E+00    0.000E+00
     6.065     0.540    0.219E+00    0.539E-01    0.289E-01    0.763E-03    0.763E-03    0.337E-03    0.337E-03    0.523E-04    0.523E-04    0.000E+00    0.000E+00
     6.065     0.550    0.205E+00    0.488E-01    0.257E-01    0.638E-03    0.638E-03    0.281E-03    0.281E-03    0.434E-04    0.434E-04    0.000E+00    0.000E+00
     6.065     0.560    0.193E+00    0.440E-01    0.228E-01    0.531E-03    0.531E-03    0.234E-03    0.234E-03    0.357E-04    0.357E-04    0.000E+00    0.000E+00
     6.065     0.570    0.180E+00    0.396E-01    0.201E-01    0.440E-03    0.440E-03    0.194E-03    0.194E-03    0.292E-04    0.292E-04    0.000E+00    0.000E+00
     6.065     0.580    0.168E+00    0.355E-01    0.177E-01    0.363E-03    0.363E-03    0.159E-03    0.159E-03    0.237E-04    0.237E-04    0.000E+00    0.000E+00
     6.065     0.590    0.157E+00    0.317E-01    0.155E-01    0.298E-03    0.298E-03    0.131E-03    0.131E-03    0.191E-04    0.191E-04    0.000E+00    0.000E+00
     6.065     0.600    0.146E+00    0.282E-01    0.136E-01    0.243E-03    0.243E-03    0.106E-03    0.106E-03    0.153E-04    0.153E-04    0.000E+00    0.000E+00
     6.065     0.610    0.135E+00    0.250E-01    0.118E-01    0.197E-03    0.197E-03    0.861E-04    0.861E-04    0.121E-04    0.121E-04    0.000E+00    0.000E+00
     6.065     0.620    0.125E+00    0.221E-01    0.102E-01    0.159E-03    0.159E-03    0.692E-04    0.692E-04    0.944E-05    0.944E-05    0.000E+00    0.000E+00
     6.065     0.630    0.115E+00    0.195E-01    0.878E-02    0.127E-03    0.127E-03    0.553E-04    0.553E-04    0.730E-05    0.730E-05    0.000E+00    0.000E+00
     6.065     0.640    0.106E+00    0.171E-01    0.753E-02    0.101E-03    0.101E-03    0.439E-04    0.439E-04    0.557E-05    0.557E-05    0.000E+00    0.000E+00
     6.065     0.650    0.967E-01    0.150E-01    0.642E-02    0.801E-04    0.801E-04    0.346E-04    0.346E-04    0.419E-05    0.419E-05    0.000E+00    0.000E+00
     6.065     0.660    0.883E-01    0.131E-01    0.544E-02    0.628E-04    0.628E-04    0.270E-04    0.270E-04    0.309E-05    0.309E-05    0.000E+00    0.000E+00
     6.065     0.670    0.803E-01    0.113E-01    0.458E-02    0.489E-04    0.489E-04    0.209E-04    0.209E-04    0.223E-05    0.223E-05    0.000E+00    0.000E+00
     6.065     0.680    0.728E-01    0.981E-02    0.384E-02    0.378E-04    0.378E-04    0.160E-04    0.160E-04    0.157E-05    0.157E-05    0.000E+00    0.000E+00
     6.065     0.690    0.657E-01    0.845E-02    0.320E-02    0.289E-04    0.289E-04    0.122E-04    0.122E-04    0.107E-05    0.107E-05    0.000E+00    0.000E+00
     6.065     0.700    0.591E-01    0.725E-02    0.264E-02    0.219E-04    0.219E-04    0.917E-05    0.917E-05    0.700E-06    0.700E-06    0.000E+00    0.000E+00
     6.065     0.710    0.529E-01    0.620E-02    0.217E-02    0.164E-04    0.164E-04    0.680E-05    0.680E-05    0.424E-06    0.424E-06    0.000E+00    0.000E+00
     6.065     0.720    0.472E-01    0.527E-02    0.177E-02    0.122E-04    0.122E-04    0.500E-05    0.500E-05    0.234E-06    0.234E-06    0.000E+00    0.000E+00
     6.065     0.730    0.418E-01    0.447E-02    0.143E-02    0.887E-05    0.887E-05    0.361E-05    0.361E-05    0.992E-07    0.992E-07    0.000E+00    0.000E+00
     6.065     0.740    0.369E-01    0.377E-02    0.115E-02    0.642E-05    0.642E-05    0.258E-05    0.258E-05    0.179E-07    0.179E-07    0.000E+00    0.000E+00
     6.065     0.750    0.324E-01    0.317E-02    0.911E-03    0.456E-05    0.456E-05    0.180E-05    0.180E-05    0.000E+00    0.000E+00    0.000E+00    0.000E+00
     6.065     0.760    0.282E-01    0.265E-02    0.717E-03    0.320E-05    0.320E-05    0.124E-05    0.124E-05    0.000E+00    0.000E+00    0.000E+00    0.000E+00
     6.065     0.770    0.244E-01    0.221E-02    0.559E-03    0.221E-05    0.221E-05    0.836E-06    0.836E-06    0.000E+00    0.000E+00    0.000E+00    0.000E+00
     6.065     0.780    0.210E-01    0.183E-02    0.430E-03    0.148E-05    0.148E-05    0.546E-06    0.546E-06    0.000E+00    0.000E+00    0.000E+00    0.000E+00
     6.065     0.790    0.179E-01    0.150E-02    0.328E-03    0.991E-06    0.991E-06    0.353E-06    0.353E-06    0.000E+00    0.000E+00    0.000E+00    0.000E+00
     6.065     0.800    0.151E-01    0.123E-02    0.246E-03    0.632E-06    0.632E-06    0.215E-06    0.215E-06    0.000E+00    0.000E+00    0.000E+00    0.000E+00
     6.065     0.810    0.127E-01    0.100E-02    0.183E-03    0.400E-06    0.400E-06    0.128E-06    0.128E-06    0.000E+00    0.000E+00    0.000E+00    0.000E+00
     6.065     0.820    0.105E-01    0.808E-03    0.133E-03    0.242E-06    0.242E-06    0.713E-07    0.713E-07    0.000E+00    0.000E+00    0.000E+00    0.000E+00
     6.065     0.830    0.861E-02    0.647E-03    0.958E-04    0.141E-06    0.141E-06    0.368E-07    0.368E-07    0.000E+00    0.000E+00    0.000E+00    0.000E+00
     6.065     0.840    0.696E-02    0.513E-03    0.676E-04    0.796E-07    0.796E-07    0.173E-07    0.173E-07    0.000E+00    0.000E+00    0.000E+00    0.000E+00
     6.065     0.850    0.554E-02    0.402E-03    0.466E-04    0.408E-07    0.408E-07    0.579E-08    0.579E-08    0.000E+00    0.000E+00    0.000E+00    0.000E+00
     6.065     0.860    0.434E-02    0.312E-03    0.317E-04    0.211E-07    0.211E-07    0.134E-08    0.134E-08    0.000E+00    0.000E+00    0.000E+00    0.000E+00
     6.065     0.870    0.333E-02    0.237E-03    0.208E-04    0.833E-08    0.833E-08    0.000E+00    0.000E+00    0.000E+00    0.000E+00    0.000E+00    0.000E+00
     6.065     0.880    0.250E-02    0.177E-03    0.134E-04    0.318E-08    0.318E-08    0.000E+00    0.000E+00    0.000E+00    0.000E+00    0.000E+00    0.000E+00
     6.065     0.890    0.183E-02    0.130E-03    0.824E-05    0.601E-09    0.601E-09    0.000E+00    0.000E+00    0.000E+00    0.000E+00    0.000E+00    0.000E+00
     6.065     0.900    0.130E-02    0.922E-04    0.490E-05    0.000E+00    0.000E+00    0.000E+00    0.000E+00    0.000E+00    0.000E+00    0.000E+00    0.000E+00
     6.065     0.910    0.886E-03    0.633E-04    0.281E-05    0.000E+00    0.000E+00    0.000E+00    0.000E+00    0.000E+00    0.000E+00    0.000E+00    0.000E+00
     6.065     0.920    0.577E-03    0.416E-04    0.147E-05    0.000E+00    0.000E+00    0.000E+00    0.000E+00    0.000E+00    0.000E+00    0.000E+00    0.000E+00
     6.065     0.930    0.355E-03    0.259E-04    0.771E-06    0.000E+00    0.000E+00    0.000E+00    0.000E+00    0.000E+00    0.000E+00    0.000E+00    0.000E+00
     6.065     0.940    0.200E-03    0.148E-04    0.321E-06    0.000E+00    0.000E+00    0.000E+00    0.000E+00    0.000E+00    0.000E+00    0.000E+00    0.000E+00
     6.065     0.950    0.101E-03    0.764E-05    0.134E-06    0.000E+00    0.000E+00    0.000E+00    0.000E+00    0.000E+00    0.000E+00    0.000E+00    0.000E+00
     6.065     0.960    0.401E-04    0.309E-05    0.371E-07    0.000E+00    0.000E+00    0.000E+00    0.000E+00    0.000E+00    0.000E+00    0.000E+00    0.000E+00
     6.065     0.970    0.761E-05    0.611E-06    0.000E+00    0.000E+00    0.000E+00    0.000E+00    0.000E+00    0.000E+00    0.000E+00    0.000E+00    0.000E+00
     6.065     0.980    0.000E+00    0.000E+00    0.739E-08    0.000E+00    0.000E+00    0.000E+00    0.000E+00    0.000E+00    0.000E+00    0.000E+00    0.000E+00
     6.065     0.990    0.000E+00    0.000E+00    0.209E-07    0.000E+00    0.000E+00    0.000E+00    0.000E+00    0.000E+00    0.000E+00    0.000E+00    0.000E+00

