     Q**2          x         u           d           g          ub          db          sb          s          cb          c          bb          b
    12.000     0.010    0.491E+00    0.436E+00    0.506E+01    0.312E+00    0.333E+00    0.209E+00    0.209E+00    0.134E+00    0.134E+00    0.000E+00    0.000E+00
    12.000     0.020    0.512E+00    0.438E+00    0.405E+01    0.252E+00    0.273E+00    0.162E+00    0.162E+00    0.948E-01    0.948E-01    0.000E+00    0.000E+00
    12.000     0.030    0.539E+00    0.444E+00    0.340E+01    0.216E+00    0.237E+00    0.134E+00    0.134E+00    0.719E-01    0.719E-01    0.000E+00    0.000E+00
    12.000     0.040    0.564E+00    0.449E+00    0.294E+01    0.192E+00    0.213E+00    0.116E+00    0.116E+00    0.575E-01    0.575E-01    0.000E+00    0.000E+00
    12.000     0.050    0.586E+00    0.451E+00    0.255E+01    0.172E+00    0.194E+00    0.101E+00    0.101E+00    0.465E-01    0.465E-01    0.000E+00    0.000E+00
    12.000     0.060    0.603E+00    0.451E+00    0.223E+01    0.154E+00    0.180E+00    0.897E-01    0.897E-01    0.383E-01    0.383E-01    0.000E+00    0.000E+00
    12.000     0.070    0.618E+00    0.449E+00    0.196E+01    0.138E+00    0.167E+00    0.802E-01    0.802E-01    0.319E-01    0.319E-01    0.000E+00    0.000E+00
    12.000     0.080    0.630E+00    0.445E+00    0.172E+01    0.124E+00    0.156E+00    0.721E-01    0.721E-01    0.267E-01    0.267E-01    0.000E+00    0.000E+00
    12.000     0.090    0.640E+00    0.440E+00    0.152E+01    0.111E+00    0.147E+00    0.651E-01    0.651E-01    0.226E-01    0.226E-01    0.000E+00    0.000E+00
    12.000     0.100    0.648E+00    0.433E+00    0.135E+01    0.100E+00    0.137E+00    0.590E-01    0.590E-01    0.192E-01    0.192E-01    0.000E+00    0.000E+00
    12.000     0.110    0.654E+00    0.426E+00    0.120E+01    0.902E-01    0.128E+00    0.536E-01    0.536E-01    0.165E-01    0.165E-01    0.000E+00    0.000E+00
    12.000     0.120    0.659E+00    0.418E+00    0.107E+01    0.816E-01    0.119E+00    0.487E-01    0.487E-01    0.142E-01    0.142E-01    0.000E+00    0.000E+00
    12.000     0.130    0.663E+00    0.409E+00    0.960E+00    0.740E-01    0.111E+00    0.444E-01    0.444E-01    0.123E-01    0.123E-01    0.000E+00    0.000E+00
    12.000     0.140    0.665E+00    0.400E+00    0.861E+00    0.674E-01    0.103E+00    0.404E-01    0.404E-01    0.107E-01    0.107E-01    0.000E+00    0.000E+00
    12.000     0.150    0.666E+00    0.391E+00    0.775E+00    0.616E-01    0.945E-01    0.369E-01    0.369E-01    0.938E-02    0.938E-02    0.000E+00    0.000E+00
    12.000     0.160    0.665E+00    0.382E+00    0.699E+00    0.565E-01    0.868E-01    0.336E-01    0.336E-01    0.824E-02    0.824E-02    0.000E+00    0.000E+00
    12.000     0.170    0.663E+00    0.372E+00    0.632E+00    0.519E-01    0.795E-01    0.306E-01    0.306E-01    0.727E-02    0.727E-02    0.000E+00    0.000E+00
    12.000     0.180    0.660E+00    0.362E+00    0.573E+00    0.477E-01    0.725E-01    0.279E-01    0.279E-01    0.643E-02    0.643E-02    0.000E+00    0.000E+00
    12.000     0.190    0.656E+00    0.352E+00    0.521E+00    0.440E-01    0.659E-01    0.254E-01    0.254E-01    0.570E-02    0.570E-02    0.000E+00    0.000E+00
    12.000     0.200    0.650E+00    0.342E+00    0.475E+00    0.406E-01    0.598E-01    0.231E-01    0.231E-01    0.508E-02    0.508E-02    0.000E+00    0.000E+00
    12.000     0.210    0.643E+00    0.332E+00    0.434E+00    0.375E-01    0.540E-01    0.210E-01    0.210E-01    0.453E-02    0.453E-02    0.000E+00    0.000E+00
    12.000     0.220    0.636E+00    0.322E+00    0.397E+00    0.346E-01    0.487E-01    0.191E-01    0.191E-01    0.404E-02    0.404E-02    0.000E+00    0.000E+00
    12.000     0.230    0.627E+00    0.312E+00    0.364E+00    0.319E-01    0.438E-01    0.173E-01    0.173E-01    0.362E-02    0.362E-02    0.000E+00    0.000E+00
    12.000     0.240    0.617E+00    0.302E+00    0.334E+00    0.293E-01    0.393E-01    0.157E-01    0.157E-01    0.324E-02    0.324E-02    0.000E+00    0.000E+00
    12.000     0.250    0.607E+00    0.292E+00    0.308E+00    0.270E-01    0.352E-01    0.142E-01    0.142E-01    0.290E-02    0.290E-02    0.000E+00    0.000E+00
    12.000     0.260    0.596E+00    0.282E+00    0.283E+00    0.248E-01    0.315E-01    0.128E-01    0.128E-01    0.260E-02    0.260E-02    0.000E+00    0.000E+00
    12.000     0.270    0.584E+00    0.272E+00    0.261E+00    0.227E-01    0.281E-01    0.116E-01    0.116E-01    0.233E-02    0.233E-02    0.000E+00    0.000E+00
    12.000     0.280    0.571E+00    0.261E+00    0.241E+00    0.207E-01    0.250E-01    0.104E-01    0.104E-01    0.209E-02    0.209E-02    0.000E+00    0.000E+00
    12.000     0.290    0.558E+00    0.251E+00    0.222E+00    0.189E-01    0.223E-01    0.935E-02    0.935E-02    0.188E-02    0.188E-02    0.000E+00    0.000E+00
    12.000     0.300    0.544E+00    0.241E+00    0.205E+00    0.171E-01    0.198E-01    0.838E-02    0.838E-02    0.168E-02    0.168E-02    0.000E+00    0.000E+00
    12.000     0.310    0.530E+00    0.231E+00    0.190E+00    0.155E-01    0.175E-01    0.751E-02    0.751E-02    0.150E-02    0.150E-02    0.000E+00    0.000E+00
    12.000     0.320    0.516E+00    0.221E+00    0.175E+00    0.140E-01    0.155E-01    0.671E-02    0.671E-02    0.134E-02    0.134E-02    0.000E+00    0.000E+00
    12.000     0.330    0.501E+00    0.210E+00    0.162E+00    0.126E-01    0.137E-01    0.599E-02    0.599E-02    0.120E-02    0.120E-02    0.000E+00    0.000E+00
    12.000     0.340    0.485E+00    0.200E+00    0.149E+00    0.113E-01    0.121E-01    0.533E-02    0.533E-02    0.107E-02    0.107E-02    0.000E+00    0.000E+00
    12.000     0.350    0.470E+00    0.190E+00    0.138E+00    0.101E-01    0.107E-01    0.473E-02    0.473E-02    0.951E-03    0.951E-03    0.000E+00    0.000E+00
    12.000     0.360    0.454E+00    0.181E+00    0.127E+00    0.898E-02    0.944E-02    0.419E-02    0.419E-02    0.844E-03    0.844E-03    0.000E+00    0.000E+00
    12.000     0.370    0.439E+00    0.171E+00    0.117E+00    0.798E-02    0.831E-02    0.371E-02    0.371E-02    0.748E-03    0.748E-03    0.000E+00    0.000E+00
    12.000     0.380    0.423E+00    0.161E+00    0.108E+00    0.706E-02    0.730E-02    0.327E-02    0.327E-02    0.662E-03    0.662E-03    0.000E+00    0.000E+00
    12.000     0.390    0.407E+00    0.152E+00    0.988E-01    0.623E-02    0.640E-02    0.288E-02    0.288E-02    0.584E-03    0.584E-03    0.000E+00    0.000E+00
    12.000     0.400    0.392E+00    0.143E+00    0.907E-01    0.548E-02    0.560E-02    0.252E-02    0.252E-02    0.513E-03    0.513E-03    0.000E+00    0.000E+00
    12.000     0.410    0.376E+00    0.134E+00    0.830E-01    0.481E-02    0.488E-02    0.221E-02    0.221E-02    0.450E-03    0.450E-03    0.000E+00    0.000E+00
    12.000     0.420    0.360E+00    0.125E+00    0.759E-01    0.420E-02    0.425E-02    0.193E-02    0.193E-02    0.394E-03    0.394E-03    0.000E+00    0.000E+00
    12.000     0.430    0.345E+00    0.117E+00    0.693E-01    0.366E-02    0.370E-02    0.168E-02    0.168E-02    0.344E-03    0.344E-03    0.000E+00    0.000E+00
    12.000     0.440    0.329E+00    0.109E+00    0.631E-01    0.318E-02    0.320E-02    0.146E-02    0.146E-02    0.299E-03    0.299E-03    0.000E+00    0.000E+00
    12.000     0.450    0.314E+00    0.101E+00    0.573E-01    0.275E-02    0.277E-02    0.126E-02    0.126E-02    0.259E-03    0.259E-03    0.000E+00    0.000E+00
    12.000     0.460    0.299E+00    0.936E-01    0.520E-01    0.238E-02    0.239E-02    0.109E-02    0.109E-02    0.224E-03    0.224E-03    0.000E+00    0.000E+00
    12.000     0.470    0.285E+00    0.864E-01    0.470E-01    0.204E-02    0.205E-02    0.934E-03    0.934E-03    0.192E-03    0.192E-03    0.000E+00    0.000E+00
    12.000     0.480    0.270E+00    0.796E-01    0.425E-01    0.175E-02    0.176E-02    0.800E-03    0.800E-03    0.165E-03    0.165E-03    0.000E+00    0.000E+00
    12.000     0.490    0.256E+00    0.732E-01    0.382E-01    0.150E-02    0.150E-02    0.683E-03    0.683E-03    0.141E-03    0.141E-03    0.000E+00    0.000E+00
    12.000     0.500    0.242E+00    0.670E-01    0.343E-01    0.127E-02    0.127E-02    0.581E-03    0.581E-03    0.119E-03    0.119E-03    0.000E+00    0.000E+00
    12.000     0.510    0.229E+00    0.612E-01    0.307E-01    0.108E-02    0.108E-02    0.492E-03    0.492E-03    0.101E-03    0.101E-03    0.000E+00    0.000E+00
    12.000     0.520    0.216E+00    0.558E-01    0.274E-01    0.911E-03    0.912E-03    0.416E-03    0.416E-03    0.850E-04    0.850E-04    0.000E+00    0.000E+00
    12.000     0.530    0.203E+00    0.507E-01    0.244E-01    0.766E-03    0.766E-03    0.349E-03    0.349E-03    0.712E-04    0.712E-04    0.000E+00    0.000E+00
    12.000     0.540    0.190E+00    0.459E-01    0.216E-01    0.642E-03    0.642E-03    0.292E-03    0.292E-03    0.593E-04    0.593E-04    0.000E+00    0.000E+00
    12.000     0.550    0.178E+00    0.415E-01    0.191E-01    0.535E-03    0.535E-03    0.243E-03    0.243E-03    0.491E-04    0.491E-04    0.000E+00    0.000E+00
    12.000     0.560    0.167E+00    0.373E-01    0.169E-01    0.444E-03    0.444E-03    0.202E-03    0.202E-03    0.404E-04    0.404E-04    0.000E+00    0.000E+00
    12.000     0.570    0.155E+00    0.335E-01    0.148E-01    0.367E-03    0.367E-03    0.167E-03    0.167E-03    0.331E-04    0.331E-04    0.000E+00    0.000E+00
    12.000     0.580    0.145E+00    0.300E-01    0.129E-01    0.302E-03    0.302E-03    0.137E-03    0.137E-03    0.268E-04    0.268E-04    0.000E+00    0.000E+00
    12.000     0.590    0.134E+00    0.268E-01    0.113E-01    0.247E-03    0.247E-03    0.112E-03    0.112E-03    0.216E-04    0.216E-04    0.000E+00    0.000E+00
    12.000     0.600    0.124E+00    0.238E-01    0.979E-02    0.200E-03    0.200E-03    0.906E-04    0.906E-04    0.173E-04    0.173E-04    0.000E+00    0.000E+00
    12.000     0.610    0.115E+00    0.211E-01    0.846E-02    0.162E-03    0.162E-03    0.731E-04    0.731E-04    0.137E-04    0.137E-04    0.000E+00    0.000E+00
    12.000     0.620    0.106E+00    0.186E-01    0.728E-02    0.130E-03    0.130E-03    0.586E-04    0.586E-04    0.108E-04    0.108E-04    0.000E+00    0.000E+00
    12.000     0.630    0.971E-01    0.164E-01    0.623E-02    0.104E-03    0.104E-03    0.467E-04    0.467E-04    0.839E-05    0.839E-05    0.000E+00    0.000E+00
    12.000     0.640    0.889E-01    0.144E-01    0.531E-02    0.825E-04    0.825E-04    0.369E-04    0.369E-04    0.644E-05    0.644E-05    0.000E+00    0.000E+00
    12.000     0.650    0.812E-01    0.126E-01    0.451E-02    0.650E-04    0.650E-04    0.290E-04    0.290E-04    0.489E-05    0.489E-05    0.000E+00    0.000E+00
    12.000     0.660    0.738E-01    0.110E-01    0.380E-02    0.508E-04    0.508E-04    0.225E-04    0.225E-04    0.366E-05    0.366E-05    0.000E+00    0.000E+00
    12.000     0.670    0.669E-01    0.952E-02    0.319E-02    0.394E-04    0.394E-04    0.174E-04    0.174E-04    0.269E-05    0.269E-05    0.000E+00    0.000E+00
    12.000     0.680    0.604E-01    0.824E-02    0.266E-02    0.303E-04    0.303E-04    0.133E-04    0.133E-04    0.194E-05    0.194E-05    0.000E+00    0.000E+00
    12.000     0.690    0.544E-01    0.710E-02    0.221E-02    0.231E-04    0.231E-04    0.100E-04    0.100E-04    0.137E-05    0.137E-05    0.000E+00    0.000E+00
    12.000     0.700    0.487E-01    0.610E-02    0.182E-02    0.174E-04    0.174E-04    0.753E-05    0.753E-05    0.937E-06    0.937E-06    0.000E+00    0.000E+00
    12.000     0.710    0.434E-01    0.522E-02    0.149E-02    0.130E-04    0.130E-04    0.556E-05    0.556E-05    0.615E-06    0.615E-06    0.000E+00    0.000E+00
    12.000     0.720    0.386E-01    0.445E-02    0.121E-02    0.959E-05    0.959E-05    0.407E-05    0.407E-05    0.387E-06    0.387E-06    0.000E+00    0.000E+00
    12.000     0.730    0.340E-01    0.377E-02    0.975E-03    0.697E-05    0.697E-05    0.292E-05    0.292E-05    0.220E-06    0.220E-06    0.000E+00    0.000E+00
    12.000     0.740    0.299E-01    0.319E-02    0.780E-03    0.501E-05    0.501E-05    0.207E-05    0.207E-05    0.110E-06    0.110E-06    0.000E+00    0.000E+00
    12.000     0.750    0.261E-01    0.269E-02    0.619E-03    0.355E-05    0.355E-05    0.144E-05    0.144E-05    0.432E-07    0.432E-07    0.000E+00    0.000E+00
    12.000     0.760    0.227E-01    0.225E-02    0.486E-03    0.247E-05    0.247E-05    0.984E-06    0.984E-06    0.916E-08    0.916E-08    0.000E+00    0.000E+00
    12.000     0.770    0.195E-01    0.188E-02    0.379E-03    0.170E-05    0.170E-05    0.659E-06    0.659E-06    0.000E+00    0.000E+00    0.000E+00    0.000E+00
    12.000     0.780    0.167E-01    0.156E-02    0.292E-03    0.113E-05    0.113E-05    0.427E-06    0.427E-06    0.000E+00    0.000E+00    0.000E+00    0.000E+00
    12.000     0.790    0.142E-01    0.128E-02    0.223E-03    0.750E-06    0.750E-06    0.273E-06    0.273E-06    0.000E+00    0.000E+00    0.000E+00    0.000E+00
    12.000     0.800    0.119E-01    0.105E-02    0.167E-03    0.474E-06    0.474E-06    0.164E-06    0.164E-06    0.000E+00    0.000E+00    0.000E+00    0.000E+00
    12.000     0.810    0.992E-02    0.857E-03    0.125E-03    0.297E-06    0.297E-06    0.960E-07    0.960E-07    0.000E+00    0.000E+00    0.000E+00    0.000E+00
    12.000     0.820    0.818E-02    0.692E-03    0.912E-04    0.177E-06    0.177E-06    0.519E-07    0.519E-07    0.000E+00    0.000E+00    0.000E+00    0.000E+00
    12.000     0.830    0.665E-02    0.554E-03    0.658E-04    0.102E-06    0.102E-06    0.256E-07    0.256E-07    0.000E+00    0.000E+00    0.000E+00    0.000E+00
    12.000     0.840    0.534E-02    0.439E-03    0.467E-04    0.564E-07    0.564E-07    0.111E-07    0.111E-07    0.000E+00    0.000E+00    0.000E+00    0.000E+00
    12.000     0.850    0.423E-02    0.344E-03    0.324E-04    0.279E-07    0.279E-07    0.279E-08    0.279E-08    0.000E+00    0.000E+00    0.000E+00    0.000E+00
    12.000     0.860    0.329E-02    0.266E-03    0.222E-04    0.139E-07    0.139E-07    0.000E+00    0.000E+00    0.000E+00    0.000E+00    0.000E+00    0.000E+00
    12.000     0.870    0.251E-02    0.202E-03    0.147E-04    0.487E-08    0.487E-08    0.000E+00    0.000E+00    0.000E+00    0.000E+00    0.000E+00    0.000E+00
    12.000     0.880    0.187E-02    0.150E-03    0.953E-05    0.149E-08    0.149E-08    0.000E+00    0.000E+00    0.000E+00    0.000E+00    0.000E+00    0.000E+00
    12.000     0.890    0.135E-02    0.109E-03    0.593E-05    0.000E+00    0.000E+00    0.000E+00    0.000E+00    0.000E+00    0.000E+00    0.000E+00    0.000E+00
    12.000     0.900    0.950E-03    0.772E-04    0.356E-05    0.000E+00    0.000E+00    0.000E+00    0.000E+00    0.000E+00    0.000E+00    0.000E+00    0.000E+00
    12.000     0.910    0.642E-03    0.526E-04    0.206E-05    0.000E+00    0.000E+00    0.000E+00    0.000E+00    0.000E+00    0.000E+00    0.000E+00    0.000E+00
    12.000     0.920    0.413E-03    0.342E-04    0.109E-05    0.000E+00    0.000E+00    0.000E+00    0.000E+00    0.000E+00    0.000E+00    0.000E+00    0.000E+00
    12.000     0.930    0.250E-03    0.210E-04    0.573E-06    0.000E+00    0.000E+00    0.000E+00    0.000E+00    0.000E+00    0.000E+00    0.000E+00    0.000E+00
    12.000     0.940    0.139E-03    0.119E-04    0.243E-06    0.000E+00    0.000E+00    0.000E+00    0.000E+00    0.000E+00    0.000E+00    0.000E+00    0.000E+00
    12.000     0.950    0.692E-04    0.601E-05    0.103E-06    0.000E+00    0.000E+00    0.000E+00    0.000E+00    0.000E+00    0.000E+00    0.000E+00    0.000E+00
    12.000     0.960    0.267E-04    0.237E-05    0.293E-07    0.000E+00    0.000E+00    0.000E+00    0.000E+00    0.000E+00    0.000E+00    0.000E+00    0.000E+00
    12.000     0.970    0.481E-05    0.450E-06    0.432E-09    0.000E+00    0.000E+00    0.000E+00    0.000E+00    0.000E+00    0.000E+00    0.000E+00    0.000E+00
    12.000     0.980    0.000E+00    0.000E+00    0.498E-08    0.000E+00    0.000E+00    0.000E+00    0.000E+00    0.000E+00    0.000E+00    0.000E+00    0.000E+00
    12.000     0.990    0.000E+00    0.000E+00    0.146E-07    0.000E+00    0.000E+00    0.000E+00    0.000E+00    0.000E+00    0.000E+00    0.000E+00    0.000E+00

