     Q**2          x         u           d           g          ub          db          sb          s          cb          c          bb          b
     5.000     0.010    0.428E+00    0.377E+00    0.388E+01    0.264E+00    0.284E+00    0.158E+00    0.158E+00    0.802E-01    0.802E-01    0.000E+00    0.000E+00
     5.000     0.020    0.465E+00    0.399E+00    0.346E+01    0.221E+00    0.242E+00    0.128E+00    0.128E+00    0.592E-01    0.592E-01    0.000E+00    0.000E+00
     5.000     0.030    0.502E+00    0.417E+00    0.310E+01    0.196E+00    0.217E+00    0.110E+00    0.110E+00    0.462E-01    0.462E-01    0.000E+00    0.000E+00
     5.000     0.040    0.535E+00    0.431E+00    0.278E+01    0.179E+00    0.199E+00    0.981E-01    0.981E-01    0.375E-01    0.375E-01    0.000E+00    0.000E+00
     5.000     0.050    0.563E+00    0.440E+00    0.249E+01    0.163E+00    0.185E+00    0.881E-01    0.881E-01    0.307E-01    0.307E-01    0.000E+00    0.000E+00
     5.000     0.060    0.587E+00    0.445E+00    0.223E+01    0.149E+00    0.174E+00    0.799E-01    0.799E-01    0.255E-01    0.255E-01    0.000E+00    0.000E+00
     5.000     0.070    0.606E+00    0.447E+00    0.200E+01    0.136E+00    0.164E+00    0.728E-01    0.728E-01    0.214E-01    0.214E-01    0.000E+00    0.000E+00
     5.000     0.080    0.623E+00    0.447E+00    0.179E+01    0.123E+00    0.156E+00    0.666E-01    0.666E-01    0.181E-01    0.181E-01    0.000E+00    0.000E+00
     5.000     0.090    0.637E+00    0.445E+00    0.161E+01    0.112E+00    0.148E+00    0.611E-01    0.611E-01    0.154E-01    0.154E-01    0.000E+00    0.000E+00
     5.000     0.100    0.649E+00    0.441E+00    0.144E+01    0.101E+00    0.140E+00    0.562E-01    0.562E-01    0.132E-01    0.132E-01    0.000E+00    0.000E+00
     5.000     0.110    0.659E+00    0.437E+00    0.130E+01    0.921E-01    0.132E+00    0.517E-01    0.517E-01    0.113E-01    0.113E-01    0.000E+00    0.000E+00
     5.000     0.120    0.667E+00    0.431E+00    0.117E+01    0.838E-01    0.125E+00    0.476E-01    0.476E-01    0.980E-02    0.980E-02    0.000E+00    0.000E+00
     5.000     0.130    0.674E+00    0.424E+00    0.105E+01    0.766E-01    0.117E+00    0.438E-01    0.438E-01    0.853E-02    0.853E-02    0.000E+00    0.000E+00
     5.000     0.140    0.680E+00    0.417E+00    0.948E+00    0.702E-01    0.109E+00    0.403E-01    0.403E-01    0.745E-02    0.745E-02    0.000E+00    0.000E+00
     5.000     0.150    0.684E+00    0.409E+00    0.858E+00    0.645E-01    0.101E+00    0.371E-01    0.371E-01    0.654E-02    0.654E-02    0.000E+00    0.000E+00
     5.000     0.160    0.687E+00    0.400E+00    0.778E+00    0.594E-01    0.937E-01    0.341E-01    0.341E-01    0.577E-02    0.577E-02    0.000E+00    0.000E+00
     5.000     0.170    0.688E+00    0.392E+00    0.707E+00    0.549E-01    0.864E-01    0.313E-01    0.313E-01    0.510E-02    0.510E-02    0.000E+00    0.000E+00
     5.000     0.180    0.688E+00    0.383E+00    0.644E+00    0.508E-01    0.793E-01    0.287E-01    0.287E-01    0.453E-02    0.453E-02    0.000E+00    0.000E+00
     5.000     0.190    0.686E+00    0.374E+00    0.588E+00    0.470E-01    0.726E-01    0.264E-01    0.264E-01    0.403E-02    0.403E-02    0.000E+00    0.000E+00
     5.000     0.200    0.683E+00    0.366E+00    0.538E+00    0.436E-01    0.662E-01    0.241E-01    0.241E-01    0.360E-02    0.360E-02    0.000E+00    0.000E+00
     5.000     0.210    0.679E+00    0.356E+00    0.493E+00    0.405E-01    0.602E-01    0.221E-01    0.221E-01    0.322E-02    0.322E-02    0.000E+00    0.000E+00
     5.000     0.220    0.674E+00    0.347E+00    0.454E+00    0.376E-01    0.545E-01    0.202E-01    0.202E-01    0.289E-02    0.289E-02    0.000E+00    0.000E+00
     5.000     0.230    0.668E+00    0.338E+00    0.418E+00    0.348E-01    0.493E-01    0.184E-01    0.184E-01    0.260E-02    0.260E-02    0.000E+00    0.000E+00
     5.000     0.240    0.660E+00    0.329E+00    0.386E+00    0.323E-01    0.444E-01    0.167E-01    0.167E-01    0.233E-02    0.233E-02    0.000E+00    0.000E+00
     5.000     0.250    0.652E+00    0.319E+00    0.356E+00    0.298E-01    0.399E-01    0.152E-01    0.152E-01    0.210E-02    0.210E-02    0.000E+00    0.000E+00
     5.000     0.260    0.642E+00    0.309E+00    0.330E+00    0.275E-01    0.358E-01    0.138E-01    0.138E-01    0.189E-02    0.189E-02    0.000E+00    0.000E+00
     5.000     0.270    0.632E+00    0.300E+00    0.306E+00    0.253E-01    0.321E-01    0.125E-01    0.125E-01    0.171E-02    0.171E-02    0.000E+00    0.000E+00
     5.000     0.280    0.620E+00    0.290E+00    0.284E+00    0.233E-01    0.287E-01    0.113E-01    0.113E-01    0.154E-02    0.154E-02    0.000E+00    0.000E+00
     5.000     0.290    0.608E+00    0.280E+00    0.264E+00    0.213E-01    0.256E-01    0.102E-01    0.102E-01    0.138E-02    0.138E-02    0.000E+00    0.000E+00
     5.000     0.300    0.596E+00    0.270E+00    0.246E+00    0.194E-01    0.228E-01    0.920E-02    0.920E-02    0.124E-02    0.124E-02    0.000E+00    0.000E+00
     5.000     0.310    0.582E+00    0.260E+00    0.228E+00    0.177E-01    0.203E-01    0.827E-02    0.827E-02    0.112E-02    0.112E-02    0.000E+00    0.000E+00
     5.000     0.320    0.569E+00    0.249E+00    0.213E+00    0.160E-01    0.180E-01    0.742E-02    0.742E-02    0.100E-02    0.100E-02    0.000E+00    0.000E+00
     5.000     0.330    0.554E+00    0.239E+00    0.198E+00    0.145E-01    0.160E-01    0.665E-02    0.665E-02    0.901E-03    0.901E-03    0.000E+00    0.000E+00
     5.000     0.340    0.540E+00    0.229E+00    0.184E+00    0.131E-01    0.142E-01    0.594E-02    0.594E-02    0.807E-03    0.807E-03    0.000E+00    0.000E+00
     5.000     0.350    0.524E+00    0.219E+00    0.171E+00    0.117E-01    0.126E-01    0.529E-02    0.529E-02    0.721E-03    0.721E-03    0.000E+00    0.000E+00
     5.000     0.360    0.509E+00    0.208E+00    0.159E+00    0.105E-01    0.111E-01    0.471E-02    0.471E-02    0.643E-03    0.643E-03    0.000E+00    0.000E+00
     5.000     0.370    0.493E+00    0.198E+00    0.148E+00    0.937E-02    0.981E-02    0.418E-02    0.418E-02    0.573E-03    0.573E-03    0.000E+00    0.000E+00
     5.000     0.380    0.477E+00    0.188E+00    0.137E+00    0.833E-02    0.864E-02    0.370E-02    0.370E-02    0.508E-03    0.508E-03    0.000E+00    0.000E+00
     5.000     0.390    0.461E+00    0.178E+00    0.127E+00    0.738E-02    0.760E-02    0.327E-02    0.327E-02    0.450E-03    0.450E-03    0.000E+00    0.000E+00
     5.000     0.400    0.445E+00    0.168E+00    0.118E+00    0.652E-02    0.667E-02    0.288E-02    0.288E-02    0.398E-03    0.398E-03    0.000E+00    0.000E+00
     5.000     0.410    0.429E+00    0.158E+00    0.109E+00    0.574E-02    0.584E-02    0.253E-02    0.253E-02    0.351E-03    0.351E-03    0.000E+00    0.000E+00
     5.000     0.420    0.412E+00    0.149E+00    0.100E+00    0.503E-02    0.511E-02    0.221E-02    0.221E-02    0.308E-03    0.308E-03    0.000E+00    0.000E+00
     5.000     0.430    0.396E+00    0.140E+00    0.922E-01    0.440E-02    0.445E-02    0.193E-02    0.193E-02    0.270E-03    0.270E-03    0.000E+00    0.000E+00
     5.000     0.440    0.380E+00    0.130E+00    0.847E-01    0.384E-02    0.387E-02    0.168E-02    0.168E-02    0.235E-03    0.235E-03    0.000E+00    0.000E+00
     5.000     0.450    0.364E+00    0.122E+00    0.776E-01    0.334E-02    0.336E-02    0.146E-02    0.146E-02    0.205E-03    0.205E-03    0.000E+00    0.000E+00
     5.000     0.460    0.348E+00    0.113E+00    0.710E-01    0.289E-02    0.290E-02    0.127E-02    0.127E-02    0.177E-03    0.177E-03    0.000E+00    0.000E+00
     5.000     0.470    0.332E+00    0.105E+00    0.648E-01    0.250E-02    0.250E-02    0.109E-02    0.109E-02    0.153E-03    0.153E-03    0.000E+00    0.000E+00
     5.000     0.480    0.316E+00    0.971E-01    0.590E-01    0.215E-02    0.215E-02    0.939E-03    0.939E-03    0.131E-03    0.131E-03    0.000E+00    0.000E+00
     5.000     0.490    0.301E+00    0.896E-01    0.536E-01    0.184E-02    0.184E-02    0.804E-03    0.804E-03    0.112E-03    0.112E-03    0.000E+00    0.000E+00
     5.000     0.500    0.286E+00    0.824E-01    0.485E-01    0.157E-02    0.157E-02    0.687E-03    0.687E-03    0.957E-04    0.957E-04    0.000E+00    0.000E+00
     5.000     0.510    0.271E+00    0.756E-01    0.438E-01    0.134E-02    0.134E-02    0.584E-03    0.584E-03    0.811E-04    0.811E-04    0.000E+00    0.000E+00
     5.000     0.520    0.256E+00    0.691E-01    0.394E-01    0.113E-02    0.114E-02    0.495E-03    0.495E-03    0.684E-04    0.684E-04    0.000E+00    0.000E+00
     5.000     0.530    0.242E+00    0.630E-01    0.354E-01    0.957E-03    0.958E-03    0.417E-03    0.417E-03    0.573E-04    0.573E-04    0.000E+00    0.000E+00
     5.000     0.540    0.228E+00    0.573E-01    0.316E-01    0.805E-03    0.805E-03    0.351E-03    0.351E-03    0.478E-04    0.478E-04    0.000E+00    0.000E+00
     5.000     0.550    0.215E+00    0.519E-01    0.282E-01    0.674E-03    0.674E-03    0.293E-03    0.293E-03    0.396E-04    0.396E-04    0.000E+00    0.000E+00
     5.000     0.560    0.201E+00    0.469E-01    0.250E-01    0.562E-03    0.562E-03    0.244E-03    0.244E-03    0.326E-04    0.326E-04    0.000E+00    0.000E+00
     5.000     0.570    0.189E+00    0.422E-01    0.221E-01    0.466E-03    0.466E-03    0.202E-03    0.202E-03    0.266E-04    0.266E-04    0.000E+00    0.000E+00
     5.000     0.580    0.176E+00    0.379E-01    0.195E-01    0.385E-03    0.385E-03    0.167E-03    0.167E-03    0.216E-04    0.216E-04    0.000E+00    0.000E+00
     5.000     0.590    0.164E+00    0.339E-01    0.171E-01    0.316E-03    0.316E-03    0.137E-03    0.137E-03    0.174E-04    0.174E-04    0.000E+00    0.000E+00
     5.000     0.600    0.153E+00    0.302E-01    0.150E-01    0.258E-03    0.258E-03    0.111E-03    0.111E-03    0.138E-04    0.138E-04    0.000E+00    0.000E+00
     5.000     0.610    0.142E+00    0.268E-01    0.130E-01    0.210E-03    0.210E-03    0.904E-04    0.904E-04    0.109E-04    0.109E-04    0.000E+00    0.000E+00
     5.000     0.620    0.131E+00    0.237E-01    0.113E-01    0.169E-03    0.169E-03    0.728E-04    0.728E-04    0.852E-05    0.852E-05    0.000E+00    0.000E+00
     5.000     0.630    0.121E+00    0.209E-01    0.974E-02    0.136E-03    0.136E-03    0.583E-04    0.583E-04    0.657E-05    0.657E-05    0.000E+00    0.000E+00
     5.000     0.640    0.111E+00    0.184E-01    0.835E-02    0.108E-03    0.108E-03    0.463E-04    0.463E-04    0.499E-05    0.499E-05    0.000E+00    0.000E+00
     5.000     0.650    0.102E+00    0.161E-01    0.713E-02    0.856E-04    0.856E-04    0.365E-04    0.365E-04    0.373E-05    0.373E-05    0.000E+00    0.000E+00
     5.000     0.660    0.931E-01    0.140E-01    0.605E-02    0.673E-04    0.673E-04    0.285E-04    0.285E-04    0.274E-05    0.274E-05    0.000E+00    0.000E+00
     5.000     0.670    0.848E-01    0.122E-01    0.511E-02    0.524E-04    0.524E-04    0.222E-04    0.222E-04    0.196E-05    0.196E-05    0.000E+00    0.000E+00
     5.000     0.680    0.770E-01    0.106E-01    0.428E-02    0.405E-04    0.405E-04    0.170E-04    0.170E-04    0.137E-05    0.137E-05    0.000E+00    0.000E+00
     5.000     0.690    0.696E-01    0.910E-02    0.357E-02    0.310E-04    0.310E-04    0.130E-04    0.130E-04    0.914E-06    0.914E-06    0.000E+00    0.000E+00
     5.000     0.700    0.626E-01    0.781E-02    0.295E-02    0.236E-04    0.236E-04    0.977E-05    0.977E-05    0.582E-06    0.582E-06    0.000E+00    0.000E+00
     5.000     0.710    0.561E-01    0.667E-02    0.243E-02    0.177E-04    0.177E-04    0.727E-05    0.727E-05    0.337E-06    0.337E-06    0.000E+00    0.000E+00
     5.000     0.720    0.501E-01    0.568E-02    0.198E-02    0.131E-04    0.131E-04    0.536E-05    0.536E-05    0.171E-06    0.171E-06    0.000E+00    0.000E+00
     5.000     0.730    0.445E-01    0.481E-02    0.160E-02    0.961E-05    0.961E-05    0.388E-05    0.388E-05    0.660E-07    0.660E-07    0.000E+00    0.000E+00
     5.000     0.740    0.393E-01    0.406E-02    0.128E-02    0.697E-05    0.697E-05    0.278E-05    0.278E-05    0.105E-07    0.105E-07    0.000E+00    0.000E+00
     5.000     0.750    0.345E-01    0.341E-02    0.102E-02    0.497E-05    0.497E-05    0.195E-05    0.195E-05    0.000E+00    0.000E+00    0.000E+00    0.000E+00
     5.000     0.760    0.301E-01    0.285E-02    0.804E-03    0.349E-05    0.349E-05    0.135E-05    0.135E-05    0.000E+00    0.000E+00    0.000E+00    0.000E+00
     5.000     0.770    0.261E-01    0.237E-02    0.626E-03    0.242E-05    0.242E-05    0.914E-06    0.914E-06    0.000E+00    0.000E+00    0.000E+00    0.000E+00
     5.000     0.780    0.225E-01    0.196E-02    0.482E-03    0.163E-05    0.163E-05    0.601E-06    0.601E-06    0.000E+00    0.000E+00    0.000E+00    0.000E+00
     5.000     0.790    0.192E-01    0.162E-02    0.368E-03    0.109E-05    0.109E-05    0.391E-06    0.391E-06    0.000E+00    0.000E+00    0.000E+00    0.000E+00
     5.000     0.800    0.162E-01    0.132E-02    0.276E-03    0.701E-06    0.701E-06    0.241E-06    0.241E-06    0.000E+00    0.000E+00    0.000E+00    0.000E+00
     5.000     0.810    0.136E-01    0.107E-02    0.204E-03    0.445E-06    0.445E-06    0.146E-06    0.146E-06    0.000E+00    0.000E+00    0.000E+00    0.000E+00
     5.000     0.820    0.113E-01    0.867E-03    0.149E-03    0.271E-06    0.271E-06    0.826E-07    0.826E-07    0.000E+00    0.000E+00    0.000E+00    0.000E+00
     5.000     0.830    0.928E-02    0.694E-03    0.107E-03    0.159E-06    0.159E-06    0.440E-07    0.440E-07    0.000E+00    0.000E+00    0.000E+00    0.000E+00
     5.000     0.840    0.751E-02    0.550E-03    0.753E-04    0.911E-07    0.911E-07    0.218E-07    0.218E-07    0.000E+00    0.000E+00    0.000E+00    0.000E+00
     5.000     0.850    0.599E-02    0.431E-03    0.518E-04    0.475E-07    0.475E-07    0.850E-08    0.850E-08    0.000E+00    0.000E+00    0.000E+00    0.000E+00
     5.000     0.860    0.470E-02    0.334E-03    0.351E-04    0.251E-07    0.251E-07    0.293E-08    0.293E-08    0.000E+00    0.000E+00    0.000E+00    0.000E+00
     5.000     0.870    0.362E-02    0.254E-03    0.229E-04    0.104E-07    0.104E-07    0.133E-10    0.133E-10    0.000E+00    0.000E+00    0.000E+00    0.000E+00
     5.000     0.880    0.272E-02    0.191E-03    0.147E-04    0.431E-08    0.431E-08    0.000E+00    0.000E+00    0.000E+00    0.000E+00    0.000E+00    0.000E+00
     5.000     0.890    0.200E-02    0.139E-03    0.900E-05    0.108E-08    0.108E-08    0.000E+00    0.000E+00    0.000E+00    0.000E+00    0.000E+00    0.000E+00
     5.000     0.900    0.142E-02    0.992E-04    0.532E-05    0.000E+00    0.000E+00    0.000E+00    0.000E+00    0.000E+00    0.000E+00    0.000E+00    0.000E+00
     5.000     0.910    0.972E-03    0.683E-04    0.303E-05    0.000E+00    0.000E+00    0.000E+00    0.000E+00    0.000E+00    0.000E+00    0.000E+00    0.000E+00
     5.000     0.920    0.635E-03    0.449E-04    0.157E-05    0.000E+00    0.000E+00    0.000E+00    0.000E+00    0.000E+00    0.000E+00    0.000E+00    0.000E+00
     5.000     0.930    0.392E-03    0.281E-04    0.822E-06    0.000E+00    0.000E+00    0.000E+00    0.000E+00    0.000E+00    0.000E+00    0.000E+00    0.000E+00
     5.000     0.940    0.222E-03    0.161E-04    0.338E-06    0.000E+00    0.000E+00    0.000E+00    0.000E+00    0.000E+00    0.000E+00    0.000E+00    0.000E+00
     5.000     0.950    0.113E-03    0.835E-05    0.139E-06    0.000E+00    0.000E+00    0.000E+00    0.000E+00    0.000E+00    0.000E+00    0.000E+00    0.000E+00
     5.000     0.960    0.450E-04    0.340E-05    0.378E-07    0.000E+00    0.000E+00    0.000E+00    0.000E+00    0.000E+00    0.000E+00    0.000E+00    0.000E+00
     5.000     0.970    0.865E-05    0.679E-06    0.000E+00    0.000E+00    0.000E+00    0.000E+00    0.000E+00    0.000E+00    0.000E+00    0.000E+00    0.000E+00
     5.000     0.980    0.000E+00    0.000E+00    0.840E-08    0.000E+00    0.000E+00    0.000E+00    0.000E+00    0.000E+00    0.000E+00    0.000E+00    0.000E+00
     5.000     0.990    0.000E+00    0.000E+00    0.232E-07    0.000E+00    0.000E+00    0.000E+00    0.000E+00    0.000E+00    0.000E+00    0.000E+00    0.000E+00

