     Q**2          x         u           d           g          ub          db          sb          s          cb          c          bb          b
     5.000     0.010    0.430E+00    0.395E+00    0.389E+01    0.270E+00    0.291E+00    0.144E+00    0.144E+00    0.524E-01    0.524E-01    0.000E+00    0.000E+00
     5.000     0.020    0.441E+00    0.399E+00    0.305E+01    0.223E+00    0.242E+00    0.118E+00    0.118E+00    0.413E-01    0.413E-01    0.000E+00    0.000E+00
     5.000     0.030    0.460E+00    0.403E+00    0.259E+01    0.196E+00    0.211E+00    0.102E+00    0.102E+00    0.347E-01    0.347E-01    0.000E+00    0.000E+00
     5.000     0.040    0.480E+00    0.406E+00    0.231E+01    0.177E+00    0.190E+00    0.915E-01    0.915E-01    0.303E-01    0.303E-01    0.000E+00    0.000E+00
     5.000     0.050    0.499E+00    0.408E+00    0.209E+01    0.160E+00    0.173E+00    0.826E-01    0.826E-01    0.268E-01    0.268E-01    0.000E+00    0.000E+00
     5.000     0.060    0.516E+00    0.409E+00    0.191E+01    0.145E+00    0.160E+00    0.753E-01    0.753E-01    0.239E-01    0.239E-01    0.000E+00    0.000E+00
     5.000     0.070    0.532E+00    0.409E+00    0.176E+01    0.132E+00    0.149E+00    0.690E-01    0.690E-01    0.214E-01    0.214E-01    0.000E+00    0.000E+00
     5.000     0.080    0.546E+00    0.408E+00    0.163E+01    0.119E+00    0.140E+00    0.633E-01    0.633E-01    0.193E-01    0.193E-01    0.000E+00    0.000E+00
     5.000     0.090    0.560E+00    0.406E+00    0.151E+01    0.108E+00    0.131E+00    0.584E-01    0.584E-01    0.174E-01    0.174E-01    0.000E+00    0.000E+00
     5.000     0.100    0.572E+00    0.404E+00    0.140E+01    0.984E-01    0.124E+00    0.539E-01    0.539E-01    0.157E-01    0.157E-01    0.000E+00    0.000E+00
     5.000     0.110    0.583E+00    0.400E+00    0.131E+01    0.896E-01    0.117E+00    0.498E-01    0.498E-01    0.143E-01    0.143E-01    0.000E+00    0.000E+00
     5.000     0.120    0.593E+00    0.396E+00    0.122E+01    0.819E-01    0.110E+00    0.461E-01    0.461E-01    0.129E-01    0.129E-01    0.000E+00    0.000E+00
     5.000     0.130    0.602E+00    0.392E+00    0.113E+01    0.750E-01    0.103E+00    0.427E-01    0.427E-01    0.117E-01    0.117E-01    0.000E+00    0.000E+00
     5.000     0.140    0.610E+00    0.386E+00    0.106E+01    0.690E-01    0.971E-01    0.396E-01    0.396E-01    0.106E-01    0.106E-01    0.000E+00    0.000E+00
     5.000     0.150    0.616E+00    0.381E+00    0.983E+00    0.637E-01    0.910E-01    0.367E-01    0.367E-01    0.966E-02    0.966E-02    0.000E+00    0.000E+00
     5.000     0.160    0.622E+00    0.375E+00    0.915E+00    0.589E-01    0.851E-01    0.341E-01    0.341E-01    0.876E-02    0.876E-02    0.000E+00    0.000E+00
     5.000     0.170    0.626E+00    0.368E+00    0.852E+00    0.547E-01    0.795E-01    0.316E-01    0.316E-01    0.795E-02    0.795E-02    0.000E+00    0.000E+00
     5.000     0.180    0.630E+00    0.361E+00    0.792E+00    0.510E-01    0.740E-01    0.293E-01    0.293E-01    0.721E-02    0.721E-02    0.000E+00    0.000E+00
     5.000     0.190    0.632E+00    0.354E+00    0.736E+00    0.476E-01    0.688E-01    0.272E-01    0.272E-01    0.654E-02    0.654E-02    0.000E+00    0.000E+00
     5.000     0.200    0.633E+00    0.346E+00    0.684E+00    0.446E-01    0.639E-01    0.252E-01    0.252E-01    0.592E-02    0.592E-02    0.000E+00    0.000E+00
     5.000     0.210    0.632E+00    0.339E+00    0.634E+00    0.418E-01    0.592E-01    0.234E-01    0.234E-01    0.536E-02    0.536E-02    0.000E+00    0.000E+00
     5.000     0.220    0.631E+00    0.331E+00    0.588E+00    0.392E-01    0.548E-01    0.217E-01    0.217E-01    0.485E-02    0.485E-02    0.000E+00    0.000E+00
     5.000     0.230    0.629E+00    0.323E+00    0.545E+00    0.369E-01    0.506E-01    0.201E-01    0.201E-01    0.438E-02    0.438E-02    0.000E+00    0.000E+00
     5.000     0.240    0.625E+00    0.314E+00    0.504E+00    0.347E-01    0.467E-01    0.186E-01    0.186E-01    0.395E-02    0.395E-02    0.000E+00    0.000E+00
     5.000     0.250    0.621E+00    0.306E+00    0.466E+00    0.326E-01    0.430E-01    0.173E-01    0.173E-01    0.357E-02    0.357E-02    0.000E+00    0.000E+00
     5.000     0.260    0.615E+00    0.297E+00    0.430E+00    0.307E-01    0.396E-01    0.160E-01    0.160E-01    0.321E-02    0.321E-02    0.000E+00    0.000E+00
     5.000     0.270    0.609E+00    0.289E+00    0.396E+00    0.288E-01    0.364E-01    0.148E-01    0.148E-01    0.289E-02    0.289E-02    0.000E+00    0.000E+00
     5.000     0.280    0.601E+00    0.280E+00    0.365E+00    0.271E-01    0.335E-01    0.137E-01    0.137E-01    0.260E-02    0.260E-02    0.000E+00    0.000E+00
     5.000     0.290    0.593E+00    0.271E+00    0.336E+00    0.254E-01    0.307E-01    0.126E-01    0.126E-01    0.233E-02    0.233E-02    0.000E+00    0.000E+00
     5.000     0.300    0.584E+00    0.262E+00    0.308E+00    0.238E-01    0.282E-01    0.117E-01    0.117E-01    0.209E-02    0.209E-02    0.000E+00    0.000E+00
     5.000     0.310    0.575E+00    0.253E+00    0.283E+00    0.223E-01    0.259E-01    0.108E-01    0.108E-01    0.187E-02    0.187E-02    0.000E+00    0.000E+00
     5.000     0.320    0.564E+00    0.244E+00    0.259E+00    0.208E-01    0.237E-01    0.991E-02    0.991E-02    0.167E-02    0.167E-02    0.000E+00    0.000E+00
     5.000     0.330    0.553E+00    0.235E+00    0.237E+00    0.194E-01    0.217E-01    0.913E-02    0.913E-02    0.149E-02    0.149E-02    0.000E+00    0.000E+00
     5.000     0.340    0.542E+00    0.226E+00    0.216E+00    0.181E-01    0.199E-01    0.840E-02    0.840E-02    0.133E-02    0.133E-02    0.000E+00    0.000E+00
     5.000     0.350    0.530E+00    0.217E+00    0.197E+00    0.168E-01    0.182E-01    0.772E-02    0.772E-02    0.119E-02    0.119E-02    0.000E+00    0.000E+00
     5.000     0.360    0.517E+00    0.208E+00    0.180E+00    0.156E-01    0.167E-01    0.709E-02    0.709E-02    0.105E-02    0.105E-02    0.000E+00    0.000E+00
     5.000     0.370    0.504E+00    0.199E+00    0.163E+00    0.144E-01    0.153E-01    0.650E-02    0.650E-02    0.934E-03    0.934E-03    0.000E+00    0.000E+00
     5.000     0.380    0.491E+00    0.190E+00    0.148E+00    0.133E-01    0.140E-01    0.595E-02    0.595E-02    0.827E-03    0.827E-03    0.000E+00    0.000E+00
     5.000     0.390    0.477E+00    0.181E+00    0.134E+00    0.123E-01    0.128E-01    0.545E-02    0.545E-02    0.731E-03    0.731E-03    0.000E+00    0.000E+00
     5.000     0.400    0.463E+00    0.172E+00    0.121E+00    0.113E-01    0.117E-01    0.498E-02    0.498E-02    0.644E-03    0.644E-03    0.000E+00    0.000E+00
     5.000     0.410    0.449E+00    0.163E+00    0.110E+00    0.104E-01    0.106E-01    0.454E-02    0.454E-02    0.567E-03    0.567E-03    0.000E+00    0.000E+00
     5.000     0.420    0.434E+00    0.155E+00    0.987E-01    0.949E-02    0.969E-02    0.414E-02    0.414E-02    0.498E-03    0.498E-03    0.000E+00    0.000E+00
     5.000     0.430    0.420E+00    0.146E+00    0.888E-01    0.868E-02    0.882E-02    0.376E-02    0.376E-02    0.437E-03    0.437E-03    0.000E+00    0.000E+00
     5.000     0.440    0.405E+00    0.138E+00    0.797E-01    0.791E-02    0.802E-02    0.342E-02    0.342E-02    0.382E-03    0.382E-03    0.000E+00    0.000E+00
     5.000     0.450    0.390E+00    0.130E+00    0.714E-01    0.720E-02    0.728E-02    0.310E-02    0.310E-02    0.333E-03    0.333E-03    0.000E+00    0.000E+00
     5.000     0.460    0.376E+00    0.122E+00    0.638E-01    0.654E-02    0.659E-02    0.280E-02    0.280E-02    0.290E-03    0.290E-03    0.000E+00    0.000E+00
     5.000     0.470    0.361E+00    0.115E+00    0.569E-01    0.593E-02    0.596E-02    0.253E-02    0.253E-02    0.252E-03    0.252E-03    0.000E+00    0.000E+00
     5.000     0.480    0.346E+00    0.107E+00    0.507E-01    0.536E-02    0.538E-02    0.228E-02    0.228E-02    0.218E-03    0.218E-03    0.000E+00    0.000E+00
     5.000     0.490    0.332E+00    0.100E+00    0.450E-01    0.483E-02    0.484E-02    0.205E-02    0.205E-02    0.189E-03    0.189E-03    0.000E+00    0.000E+00
     5.000     0.500    0.317E+00    0.933E-01    0.399E-01    0.434E-02    0.435E-02    0.184E-02    0.184E-02    0.163E-03    0.163E-03    0.000E+00    0.000E+00
     5.000     0.510    0.303E+00    0.867E-01    0.352E-01    0.389E-02    0.390E-02    0.164E-02    0.164E-02    0.140E-03    0.140E-03    0.000E+00    0.000E+00
     5.000     0.520    0.288E+00    0.803E-01    0.311E-01    0.348E-02    0.348E-02    0.146E-02    0.146E-02    0.120E-03    0.120E-03    0.000E+00    0.000E+00
     5.000     0.530    0.274E+00    0.741E-01    0.273E-01    0.310E-02    0.310E-02    0.130E-02    0.130E-02    0.102E-03    0.102E-03    0.000E+00    0.000E+00
     5.000     0.540    0.260E+00    0.683E-01    0.240E-01    0.275E-02    0.275E-02    0.115E-02    0.115E-02    0.870E-04    0.870E-04    0.000E+00    0.000E+00
     5.000     0.550    0.247E+00    0.627E-01    0.209E-01    0.243E-02    0.244E-02    0.102E-02    0.102E-02    0.738E-04    0.738E-04    0.000E+00    0.000E+00
     5.000     0.560    0.234E+00    0.575E-01    0.183E-01    0.214E-02    0.215E-02    0.895E-03    0.895E-03    0.624E-04    0.624E-04    0.000E+00    0.000E+00
     5.000     0.570    0.220E+00    0.524E-01    0.159E-01    0.188E-02    0.188E-02    0.784E-03    0.784E-03    0.526E-04    0.526E-04    0.000E+00    0.000E+00
     5.000     0.580    0.208E+00    0.477E-01    0.138E-01    0.164E-02    0.164E-02    0.683E-03    0.683E-03    0.441E-04    0.441E-04    0.000E+00    0.000E+00
     5.000     0.590    0.195E+00    0.433E-01    0.119E-01    0.143E-02    0.143E-02    0.593E-03    0.593E-03    0.369E-04    0.369E-04    0.000E+00    0.000E+00
     5.000     0.600    0.183E+00    0.391E-01    0.102E-01    0.123E-02    0.123E-02    0.511E-03    0.511E-03    0.307E-04    0.307E-04    0.000E+00    0.000E+00
     5.000     0.610    0.171E+00    0.352E-01    0.877E-02    0.106E-02    0.106E-02    0.438E-03    0.438E-03    0.255E-04    0.255E-04    0.000E+00    0.000E+00
     5.000     0.620    0.160E+00    0.316E-01    0.750E-02    0.898E-03    0.899E-03    0.372E-03    0.372E-03    0.210E-04    0.210E-04    0.000E+00    0.000E+00
     5.000     0.630    0.149E+00    0.282E-01    0.638E-02    0.758E-03    0.759E-03    0.314E-03    0.314E-03    0.173E-04    0.173E-04    0.000E+00    0.000E+00
     5.000     0.640    0.138E+00    0.251E-01    0.541E-02    0.634E-03    0.634E-03    0.262E-03    0.262E-03    0.141E-04    0.141E-04    0.000E+00    0.000E+00
     5.000     0.650    0.128E+00    0.222E-01    0.457E-02    0.524E-03    0.524E-03    0.216E-03    0.216E-03    0.115E-04    0.115E-04    0.000E+00    0.000E+00
     5.000     0.660    0.118E+00    0.196E-01    0.384E-02    0.427E-03    0.427E-03    0.176E-03    0.176E-03    0.928E-05    0.928E-05    0.000E+00    0.000E+00
     5.000     0.670    0.109E+00    0.172E-01    0.322E-02    0.342E-03    0.342E-03    0.141E-03    0.141E-03    0.746E-05    0.746E-05    0.000E+00    0.000E+00
     5.000     0.680    0.100E+00    0.150E-01    0.268E-02    0.269E-03    0.269E-03    0.111E-03    0.111E-03    0.597E-05    0.597E-05    0.000E+00    0.000E+00
     5.000     0.690    0.915E-01    0.130E-01    0.222E-02    0.205E-03    0.205E-03    0.849E-04    0.849E-04    0.474E-05    0.474E-05    0.000E+00    0.000E+00
     5.000     0.700    0.834E-01    0.112E-01    0.183E-02    0.151E-03    0.151E-03    0.627E-04    0.627E-04    0.374E-05    0.374E-05    0.000E+00    0.000E+00
     5.000     0.710    0.757E-01    0.961E-02    0.150E-02    0.105E-03    0.105E-03    0.438E-04    0.438E-04    0.292E-05    0.292E-05    0.000E+00    0.000E+00
     5.000     0.720    0.684E-01    0.818E-02    0.122E-02    0.668E-04    0.668E-04    0.281E-04    0.281E-04    0.227E-05    0.227E-05    0.000E+00    0.000E+00
     5.000     0.730    0.616E-01    0.691E-02    0.990E-03    0.337E-04    0.337E-04    0.144E-04    0.144E-04    0.175E-05    0.175E-05    0.000E+00    0.000E+00
     5.000     0.740    0.551E-01    0.580E-02    0.797E-03    0.891E-05    0.891E-05    0.410E-05    0.410E-05    0.134E-05    0.134E-05    0.000E+00    0.000E+00
     5.000     0.750    0.492E-01    0.482E-02    0.636E-03    0.000E+00    0.000E+00    0.000E+00    0.000E+00    0.101E-05    0.101E-05    0.000E+00    0.000E+00
     5.000     0.760    0.436E-01    0.397E-02    0.504E-03    0.000E+00    0.000E+00    0.000E+00    0.000E+00    0.759E-06    0.759E-06    0.000E+00    0.000E+00
     5.000     0.770    0.384E-01    0.324E-02    0.397E-03    0.000E+00    0.000E+00    0.000E+00    0.000E+00    0.563E-06    0.563E-06    0.000E+00    0.000E+00
     5.000     0.780    0.336E-01    0.262E-02    0.309E-03    0.000E+00    0.000E+00    0.000E+00    0.000E+00    0.412E-06    0.412E-06    0.000E+00    0.000E+00
     5.000     0.790    0.292E-01    0.209E-02    0.239E-03    0.000E+00    0.000E+00    0.000E+00    0.000E+00    0.300E-06    0.300E-06    0.000E+00    0.000E+00
     5.000     0.800    0.252E-01    0.167E-02    0.183E-03    0.000E+00    0.000E+00    0.000E+00    0.000E+00    0.213E-06    0.213E-06    0.000E+00    0.000E+00
     5.000     0.810    0.216E-01    0.133E-02    0.139E-03    0.000E+00    0.000E+00    0.000E+00    0.000E+00    0.151E-06    0.151E-06    0.000E+00    0.000E+00
     5.000     0.820    0.183E-01    0.103E-02    0.104E-03    0.000E+00    0.000E+00    0.000E+00    0.000E+00    0.104E-06    0.104E-06    0.000E+00    0.000E+00
     5.000     0.830    0.154E-01    0.784E-03    0.765E-04    0.000E+00    0.000E+00    0.000E+00    0.000E+00    0.709E-07    0.709E-07    0.000E+00    0.000E+00
     5.000     0.840    0.128E-01    0.584E-03    0.557E-04    0.000E+00    0.000E+00    0.000E+00    0.000E+00    0.475E-07    0.475E-07    0.000E+00    0.000E+00
     5.000     0.850    0.105E-01    0.427E-03    0.398E-04    0.000E+00    0.000E+00    0.000E+00    0.000E+00    0.309E-07    0.309E-07    0.000E+00    0.000E+00
     5.000     0.860    0.844E-02    0.306E-03    0.281E-04    0.000E+00    0.000E+00    0.000E+00    0.000E+00    0.199E-07    0.199E-07    0.000E+00    0.000E+00
     5.000     0.870    0.669E-02    0.213E-03    0.193E-04    0.000E+00    0.000E+00    0.000E+00    0.000E+00    0.122E-07    0.122E-07    0.000E+00    0.000E+00
     5.000     0.880    0.520E-02    0.144E-03    0.130E-04    0.000E+00    0.000E+00    0.000E+00    0.000E+00    0.739E-08    0.739E-08    0.000E+00    0.000E+00
     5.000     0.890    0.395E-02    0.941E-04    0.844E-05    0.000E+00    0.000E+00    0.000E+00    0.000E+00    0.422E-08    0.422E-08    0.000E+00    0.000E+00
     5.000     0.900    0.292E-02    0.591E-04    0.531E-05    0.000E+00    0.000E+00    0.000E+00    0.000E+00    0.232E-08    0.232E-08    0.000E+00    0.000E+00
     5.000     0.910    0.209E-02    0.354E-04    0.322E-05    0.000E+00    0.000E+00    0.000E+00    0.000E+00    0.123E-08    0.123E-08    0.000E+00    0.000E+00
     5.000     0.920    0.143E-02    0.197E-04    0.182E-05    0.000E+00    0.000E+00    0.000E+00    0.000E+00    0.570E-09    0.570E-09    0.000E+00    0.000E+00
     5.000     0.930    0.935E-03    0.105E-04    0.998E-06    0.000E+00    0.000E+00    0.000E+00    0.000E+00    0.285E-09    0.285E-09    0.000E+00    0.000E+00
     5.000     0.940    0.568E-03    0.473E-05    0.464E-06    0.000E+00    0.000E+00    0.000E+00    0.000E+00    0.985E-10    0.985E-10    0.000E+00    0.000E+00
     5.000     0.950    0.312E-03    0.201E-05    0.203E-06    0.000E+00    0.000E+00    0.000E+00    0.000E+00    0.419E-10    0.419E-10    0.000E+00    0.000E+00
     5.000     0.960    0.137E-03    0.580E-06    0.619E-07    0.251E-07    0.251E-07    0.100E-07    0.100E-07    0.125E-10    0.125E-10    0.000E+00    0.000E+00
     5.000     0.970    0.307E-04    0.213E-07    0.432E-08    0.602E-07    0.602E-07    0.241E-07    0.241E-07    0.000E+00    0.000E+00    0.000E+00    0.000E+00
     5.000     0.980    0.000E+00    0.758E-07    0.516E-08    0.799E-07    0.799E-07    0.320E-07    0.320E-07    0.337E-11    0.337E-11    0.000E+00    0.000E+00
     5.000     0.990    0.000E+00    0.242E-06    0.194E-07    0.661E-07    0.661E-07    0.264E-07    0.264E-07    0.872E-11    0.872E-11    0.000E+00    0.000E+00

